// MilkShape 3D ASCII

Frames: 1
Frame: 1

Meshes: 9
"Mesh0" 0 0
66
0 -0.282864 -1.206781 0.453255 0.000000 0.000000 3
0 0.280332 -1.206781 0.453254 0.000000 0.000000 3
0 -0.282863 -2.056784 0.453259 0.000000 0.000000 3
0 -0.564461 -2.056786 -0.042392 0.000000 0.000000 3
0 -0.001266 -2.306787 -0.042391 0.000000 0.000000 3
0 0.280332 -2.056784 0.453258 0.000000 0.000000 3
0 0.561927 -2.056786 -0.042392 0.000000 0.000000 3
0 0.280329 -1.206785 -0.538046 0.000000 0.000000 3
0 0.561927 -1.206783 -0.042396 0.000000 0.000000 3
0 0.561927 -2.056786 -0.042392 0.000000 0.000000 3
0 0.280330 -2.056789 -0.538042 0.000000 0.000000 3
0 -0.282864 -2.056789 -0.538042 0.000000 0.000000 3
0 0.280330 -2.056789 -0.538042 0.000000 0.000000 3
0 -0.564461 -1.206784 -0.042395 0.000000 0.000000 3
0 -0.282864 -1.206786 -0.538046 0.000000 0.000000 3
0 -0.282864 -2.056789 -0.538042 0.000000 0.000000 3
0 -0.564461 -2.056786 -0.042392 0.000000 0.000000 3
0 -0.282864 -1.206786 -0.538046 0.000000 0.000000 3
0 0.280329 -1.206785 -0.538046 0.000000 0.000000 3
0 0.280330 -2.056789 -0.538042 0.000000 0.000000 3
0 -0.282864 -2.056789 -0.538042 0.000000 0.000000 3
0 0.280332 -1.206781 0.453254 0.000000 0.000000 3
0 0.280332 -2.056784 0.453258 0.000000 0.000000 3
0 0.280332 -1.206781 0.453254 0.000000 0.000000 3
0 -0.282864 -1.206781 0.453255 0.000000 0.000000 3
0 -0.282863 -2.056784 0.453259 0.000000 0.000000 3
0 0.280332 -2.056784 0.453258 0.000000 0.000000 3
0 -0.282864 -1.206781 0.453255 0.000000 0.000000 3
0 -0.282863 -2.056784 0.453259 0.000000 0.000000 3
0 0.561927 -1.206783 -0.042396 0.000000 0.000000 3
0 0.280329 -1.206785 -0.538046 0.000000 0.000000 3
0 -0.282864 -1.206786 -0.538046 0.000000 0.000000 3
0 -0.564461 -1.206784 -0.042395 0.000000 0.000000 3
0 0.281017 -1.199637 -0.538417 0.000000 0.000000 10
0 -0.282178 -2.049637 0.452884 0.000000 0.000000 10
0 -0.282179 -1.199637 0.452884 0.000000 0.000000 10
0 -0.282178 -2.049637 0.452884 0.000000 0.000000 10
0 0.281017 -2.049637 0.452884 0.000000 0.000000 10
0 0.281017 -1.199637 0.452884 0.000000 0.000000 10
0 -0.282179 -1.199637 0.452884 0.000000 0.000000 10
0 0.281017 -2.049637 0.452884 0.000000 0.000000 10
0 0.281017 -1.199637 0.452884 0.000000 0.000000 10
0 -0.282179 -1.199637 0.452884 0.000000 0.000000 10
0 0.281017 -1.199637 0.452884 0.000000 0.000000 10
0 0.562613 -1.199637 -0.042766 0.000000 0.000000 10
0 0.281017 -1.199637 -0.538417 0.000000 0.000000 10
0 -0.282176 -1.199637 -0.538417 0.000000 0.000000 10
0 -0.563775 -1.199637 -0.042766 0.000000 0.000000 10
0 -0.000581 -2.299638 -0.042766 0.000000 0.000000 10
0 0.562613 -2.049637 -0.042766 0.000000 0.000000 10
0 0.281017 -2.049637 0.452884 0.000000 0.000000 10
0 -0.282178 -2.049637 0.452884 0.000000 0.000000 10
0 -0.563775 -2.049637 -0.042766 0.000000 0.000000 10
0 -0.282176 -2.049637 -0.538417 0.000000 0.000000 10
0 -0.563775 -2.049637 -0.042766 0.000000 0.000000 10
0 -0.563775 -1.199637 -0.042766 0.000000 0.000000 10
0 -0.282176 -1.199637 -0.538417 0.000000 0.000000 10
0 -0.282176 -2.049637 -0.538417 0.000000 0.000000 10
0 0.281017 -2.049637 -0.538417 0.000000 0.000000 10
0 0.562613 -2.049637 -0.042766 0.000000 0.000000 10
0 0.281017 -2.049637 -0.538417 0.000000 0.000000 10
0 0.281017 -1.199637 -0.538417 0.000000 0.000000 10
0 0.562613 -1.199637 -0.042766 0.000000 0.000000 10
0 0.281017 -2.049637 -0.538417 0.000000 0.000000 10
0 -0.282176 -2.049637 -0.538417 0.000000 0.000000 10
0 -0.282176 -1.199637 -0.538417 0.000000 0.000000 10
66
-0.435392 0.500758 0.748115
0.435393 0.500758 0.748114
-0.410689 -0.579098 0.704258
-0.817630 -0.575744 0.000003
0.000001 -1.000000 0.000004
0.410691 -0.579098 0.704257
0.817631 -0.575743 0.000001
0.335334 0.333331 -0.576192
0.499999 0.500000 -0.000002
0.817631 -0.575743 0.000001
0.410690 -0.579104 -0.704253
-0.410689 -0.579105 -0.704253
0.410690 -0.579104 -0.704253
-0.866884 0.498511 -0.000002
-0.435393 0.500751 -0.748119
-0.410689 -0.579105 -0.704253
-0.817630 -0.575744 0.000003
-0.435393 0.500751 -0.748119
0.335334 0.333331 -0.576192
0.410690 -0.579104 -0.704253
-0.410689 -0.579105 -0.704253
0.435393 0.500758 0.748114
0.410691 -0.579098 0.704257
0.435393 0.500758 0.748114
-0.435392 0.500758 0.748115
-0.410689 -0.579098 0.704258
0.410691 -0.579098 0.704257
-0.435392 0.500758 0.748115
-0.410689 -0.579098 0.704258
0.499999 0.500000 -0.000002
0.335334 0.333331 -0.576192
-0.435393 0.500751 -0.748119
-0.866884 0.498511 -0.000002
0.435393 0.500754 -0.748117
-0.410691 -0.579101 0.704255
-0.435393 0.500754 0.748116
-0.410691 -0.579101 0.704255
0.410689 -0.579101 0.704256
0.435392 0.500754 0.748117
-0.435393 0.500754 0.748116
0.410689 -0.579101 0.704256
0.435392 0.500754 0.748117
-0.435393 0.500754 0.748116
0.435392 0.500754 0.748117
0.866884 0.498511 0.000000
0.435393 0.500754 -0.748117
-0.335334 0.333333 -0.576191
-0.500000 0.500000 0.000000
-0.000001 -1.000000 0.000000
0.817630 -0.575744 0.000000
0.410689 -0.579101 0.704256
-0.410691 -0.579101 0.704255
-0.817631 -0.575743 -0.000001
-0.410690 -0.579101 -0.704256
-0.817631 -0.575743 -0.000001
-0.500000 0.500000 0.000000
-0.335334 0.333333 -0.576191
-0.410690 -0.579101 -0.704256
0.410690 -0.579101 -0.704256
0.817630 -0.575744 0.000000
0.410690 -0.579101 -0.704256
0.435393 0.500754 -0.748117
0.866884 0.498511 0.000000
0.410690 -0.579101 -0.704256
-0.410690 -0.579101 -0.704256
-0.335334 0.333333 -0.576191
44
0 2 4 3 2 4 3 1
0 5 4 2 5 4 2 1
0 6 4 5 6 4 5 1
0 7 9 8 7 9 8 1
0 7 10 9 7 10 9 1
0 11 4 12 11 4 12 1
0 3 4 11 3 4 11 1
0 13 15 14 13 15 14 1
0 13 16 15 13 16 15 1
0 12 4 6 12 4 6 1
0 17 19 18 17 19 18 1
0 17 20 19 17 20 19 1
0 8 22 21 8 22 21 1
0 8 9 22 8 9 22 1
0 23 25 24 23 25 24 1
0 23 26 25 23 26 25 1
0 27 16 13 27 16 13 1
0 27 28 16 27 28 16 1
0 29 31 30 29 31 30 1
0 29 32 31 29 32 31 1
0 29 0 32 29 0 32 1
0 29 1 0 29 1 0 1
0 48 50 49 48 50 49 1
0 48 51 50 48 51 50 1
0 48 52 51 48 52 51 1
0 53 55 54 53 55 54 1
0 53 56 55 53 56 55 1
0 48 58 57 48 58 57 1
0 48 49 58 48 49 58 1
0 59 61 60 59 61 60 1
0 59 62 61 59 62 61 1
0 48 57 52 48 57 52 1
0 63 65 64 63 65 64 1
0 63 33 65 63 33 65 1
0 54 35 34 54 35 34 1
0 54 55 35 54 55 35 1
0 36 38 37 36 38 37 1
0 36 39 38 36 39 38 1
0 40 62 59 40 62 59 1
0 40 41 62 40 41 62 1
0 42 44 43 42 44 43 1
0 42 45 44 42 45 44 1
0 42 46 45 42 46 45 1
0 42 47 46 42 47 46 1
"Mesh1" 0 1
170
0 -1.446119 2.500000 -0.599905 0.000000 0.000000 0
0 -1.505100 2.050000 0.000096 0.000000 0.000000 0
0 -1.446119 2.500000 0.700095 0.000000 0.000000 0
0 -1.379838 3.200000 0.700095 0.000000 0.000000 0
0 -1.348756 3.500000 0.000096 0.000000 0.000000 0
0 -1.379838 3.200000 -0.599905 0.000000 0.000000 0
0 -1.446119 2.500000 -0.599905 0.000000 0.000000 0
0 -0.350000 0.159260 -0.576000 0.000000 0.000000 0
0 -0.550000 0.159260 0.024000 0.000000 0.000000 0
0 0.350000 0.159260 0.574000 0.000000 0.000000 0
0 -0.350000 0.159260 0.574000 0.000000 0.000000 0
0 0.550000 0.159260 0.024000 0.000000 0.000000 0
0 0.350000 0.159260 -0.576000 0.000000 0.000000 0
0 1.505100 2.050000 0.000096 0.000000 0.000000 0
0 1.446119 2.500000 -0.599905 0.000000 0.000000 0
0 1.446119 2.500000 0.700095 0.000000 0.000000 0
0 1.348756 3.500000 0.000096 0.000000 0.000000 0
0 1.379838 3.200000 0.700095 0.000000 0.000000 0
0 1.446119 2.500000 -0.599905 0.000000 0.000000 0
0 1.379838 3.200000 -0.599905 0.000000 0.000000 0
0 0.271816 -0.656787 -0.521531 0.000000 0.000000 3
0 -0.547434 -0.656785 -0.048535 0.000000 0.000000 3
0 -0.274350 -0.656787 -0.521531 0.000000 0.000000 3
0 -0.228486 -1.206785 -0.433864 0.000000 0.000000 3
0 -0.455706 -1.206783 -0.033926 0.000000 0.000000 3
0 0.544900 -0.656785 -0.048536 0.000000 0.000000 3
0 0.271818 -0.656783 0.424459 0.000000 0.000000 3
0 0.225955 -1.206781 0.366012 0.000000 0.000000 3
0 0.453173 -1.206783 -0.033926 0.000000 0.000000 3
0 -0.274350 -0.656783 0.424459 0.000000 0.000000 3
0 -0.228486 -1.206782 0.366013 0.000000 0.000000 3
0 0.225953 -1.206784 -0.433864 0.000000 0.000000 3
0 -0.031226 0.221063 0.000002 0.000000 0.000000 3
0 0.088414 -1.670652 0.390705 0.000000 0.000000 5
0 0.312953 -1.562652 0.390705 0.000000 0.000000 5
0 0.032279 -1.292652 0.446838 0.000000 0.000000 5
0 -0.360666 -0.968652 0.502971 0.000000 0.000000 5
0 -0.286259 0.003347 0.317255 0.000000 0.000000 5
0 -0.391793 0.003346 -0.002113 0.000000 0.000000 5
0 0.312954 -1.562656 -0.395185 0.000000 0.000000 5
0 0.088414 -1.670655 -0.395184 0.000000 0.000000 5
0 -0.136126 -0.860652 0.502971 0.000000 0.000000 5
0 0.346943 0.003347 0.317255 0.000000 0.000000 5
0 0.481359 -1.292658 -0.675861 0.000000 0.000000 5
0 0.481358 -1.292656 -0.395186 0.000000 0.000000 5
0 0.312954 -1.292656 -0.395186 0.000000 0.000000 5
0 0.312954 -1.292657 -0.675860 0.000000 0.000000 5
0 -0.360666 -0.968657 -0.507458 0.000000 0.000000 5
0 -0.136126 -0.860657 -0.507458 0.000000 0.000000 5
0 0.144549 -0.752656 -0.395188 0.000000 0.000000 5
0 -0.192261 -1.400656 -0.451320 0.000000 0.000000 5
0 0.032279 -1.292657 -0.451321 0.000000 0.000000 5
0 0.481358 -0.644656 -0.395188 0.000000 0.000000 5
0 0.481359 -0.644658 -0.675864 0.000000 0.000000 5
0 0.346944 0.003344 -0.371480 0.000000 0.000000 5
0 -0.286259 0.003344 -0.371481 0.000000 0.000000 5
0 0.144549 -0.752657 -0.675863 0.000000 0.000000 5
0 -0.192261 -1.400653 0.446839 0.000000 0.000000 5
0 0.273394 -3.052995 0.512700 0.000000 0.000000 8
0 0.496827 -3.052996 0.125704 0.000000 0.000000 8
0 0.335458 -2.199997 -0.368790 0.000000 0.000000 8
0 0.273394 -3.052992 -0.261291 0.000000 0.000000 8
0 -0.396902 -3.052995 0.125706 0.000000 0.000000 8
0 -0.521032 -2.199993 0.125705 0.000000 0.000000 8
0 0.335458 -2.199997 -0.368790 0.000000 0.000000 8
0 0.297970 -1.499994 -0.303860 0.000000 0.000000 8
0 -0.173466 -3.052995 0.512701 0.000000 0.000000 8
0 0.273394 -3.052992 -0.261291 0.000000 0.000000 8
0 -0.235530 -2.199997 -0.368790 0.000000 0.000000 8
0 -0.173466 -3.052995 -0.261291 0.000000 0.000000 8
0 -0.396902 -3.052995 0.125706 0.000000 0.000000 8
0 -0.446057 -1.499996 0.125705 0.000000 0.000000 8
0 -0.198043 -1.499994 -0.303861 0.000000 0.000000 8
0 -0.198043 -1.499996 0.555270 0.000000 0.000000 8
0 -0.235530 -2.199993 0.620198 0.000000 0.000000 8
0 -0.292634 -0.649998 -0.467689 0.000000 0.000000 8
0 0.392558 -0.649998 -0.467689 0.000000 0.000000 8
0 0.297970 -1.499994 -0.303860 0.000000 0.000000 8
0 0.392558 -0.649998 -0.467689 0.000000 0.000000 8
0 0.273394 -3.052995 0.512700 0.000000 0.000000 8
0 -0.173466 -3.052995 0.512701 0.000000 0.000000 8
0 -0.292634 -0.649997 0.719098 0.000000 0.000000 8
0 -0.635230 -0.649997 0.125705 0.000000 0.000000 8
0 0.392558 -0.649997 0.719098 0.000000 0.000000 8
0 0.297972 -1.499995 0.555270 0.000000 0.000000 8
0 0.545979 -1.499996 0.125705 0.000000 0.000000 8
0 0.335459 -2.199994 0.620198 0.000000 0.000000 8
0 0.620954 -2.199992 0.125705 0.000000 0.000000 8
0 0.735153 -0.649997 0.125705 0.000000 0.000000 8
0 0.273394 -3.052992 -0.261291 0.000000 0.000000 8
0 -0.173466 -3.052995 -0.261291 0.000000 0.000000 8
0 0.496827 -3.052996 0.125704 0.000000 0.000000 8
0 -0.256838 1.355590 0.491418 0.000000 0.000000 9
0 -0.256838 1.355590 -0.493130 0.000000 0.000000 9
0 -0.428064 1.355590 0.020547 0.000000 0.000000 9
0 0.428064 1.355590 0.020547 0.000000 0.000000 9
0 0.256838 1.355590 0.491418 0.000000 0.000000 9
0 0.256839 1.355590 -0.493130 0.000000 0.000000 9
0 -0.273664 -0.649636 -0.521899 0.000000 0.000000 10
0 0.453858 -1.199637 -0.034296 0.000000 0.000000 10
0 0.226640 -1.199637 -0.434235 0.000000 0.000000 10
0 0.272504 -0.649637 -0.521899 0.000000 0.000000 10
0 0.545586 -0.649637 -0.048904 0.000000 0.000000 10
0 -0.455019 -1.199637 -0.034296 0.000000 0.000000 10
0 -0.227801 -1.199637 0.365642 0.000000 0.000000 10
0 -0.273665 -0.649637 0.424091 0.000000 0.000000 10
0 -0.546747 -0.649636 -0.048904 0.000000 0.000000 10
0 0.272503 -0.649637 0.424091 0.000000 0.000000 10
0 0.226639 -1.199637 0.365642 0.000000 0.000000 10
0 -0.227799 -1.199637 -0.434235 0.000000 0.000000 10
0 0.031226 0.221063 0.000003 0.000000 0.000000 10
0 -0.481358 -1.292655 -0.395192 0.000000 0.000000 12
0 -0.481358 -1.292655 -0.675867 0.000000 0.000000 12
0 0.136126 -0.860654 -0.507462 0.000000 0.000000 12
0 0.360666 -0.968654 -0.507462 0.000000 0.000000 12
0 -0.144549 -0.752654 -0.395192 0.000000 0.000000 12
0 0.192261 -1.400654 -0.451327 0.000000 0.000000 12
0 -0.032278 -1.292655 -0.451327 0.000000 0.000000 12
0 -0.481357 -0.644655 -0.395192 0.000000 0.000000 12
0 -0.346943 0.003346 0.317255 0.000000 0.000000 12
0 -0.346943 0.003345 -0.371480 0.000000 0.000000 12
0 -0.144548 -0.752654 -0.675867 0.000000 0.000000 12
0 0.286260 0.003345 -0.371481 0.000000 0.000000 12
0 -0.032278 -1.292654 0.446833 0.000000 0.000000 12
0 -0.312953 -1.562654 0.390698 0.000000 0.000000 12
0 -0.088413 -1.670654 0.390697 0.000000 0.000000 12
0 0.192262 -1.400655 0.446832 0.000000 0.000000 12
0 0.391794 0.003346 -0.002113 0.000000 0.000000 12
0 0.286260 0.003346 0.317255 0.000000 0.000000 12
0 0.360666 -0.968654 0.502966 0.000000 0.000000 12
0 -0.088413 -1.670654 -0.395192 0.000000 0.000000 12
0 -0.312953 -1.562654 -0.395192 0.000000 0.000000 12
0 0.136126 -0.860654 0.502967 0.000000 0.000000 12
0 -0.481358 -0.644655 -0.675867 0.000000 0.000000 12
0 -0.312953 -1.292654 -0.675866 0.000000 0.000000 12
0 -0.312953 -1.292654 -0.395192 0.000000 0.000000 12
0 0.173431 -3.052998 -0.261291 0.000000 0.000000 15
0 0.235495 -2.199998 -0.368790 0.000000 0.000000 15
0 0.520992 -2.199998 0.125705 0.000000 0.000000 15
0 0.198008 -1.499999 -0.303861 0.000000 0.000000 15
0 0.446018 -1.499998 0.125705 0.000000 0.000000 15
0 0.235495 -2.199998 0.620199 0.000000 0.000000 15
0 0.198008 -1.499999 0.555270 0.000000 0.000000 15
0 -0.298010 -1.499998 -0.303861 0.000000 0.000000 15
0 -0.392598 -0.650000 -0.467689 0.000000 0.000000 15
0 0.292594 -0.649999 -0.467689 0.000000 0.000000 15
0 0.173430 -3.052998 0.512701 0.000000 0.000000 15
0 0.173431 -3.052998 -0.261291 0.000000 0.000000 15
0 -0.392598 -0.650000 -0.467689 0.000000 0.000000 15
0 0.635190 -0.649999 0.125705 0.000000 0.000000 15
0 0.292594 -0.649999 0.719098 0.000000 0.000000 15
0 -0.298012 -1.499998 0.555270 0.000000 0.000000 15
0 -0.392598 -0.650000 0.719098 0.000000 0.000000 15
0 -0.620994 -2.199998 0.125705 0.000000 0.000000 15
0 -0.335499 -2.199998 0.620199 0.000000 0.000000 15
0 -0.546020 -1.499998 0.125705 0.000000 0.000000 15
0 -0.273434 -3.052998 0.512700 0.000000 0.000000 15
0 -0.735194 -0.649999 0.125705 0.000000 0.000000 15
0 0.396863 -3.052998 0.125705 0.000000 0.000000 15
0 -0.496867 -3.052998 0.125705 0.000000 0.000000 15
0 -0.496867 -3.052998 0.125705 0.000000 0.000000 15
0 -0.273434 -3.052998 0.512700 0.000000 0.000000 15
0 -0.273434 -3.052998 -0.261291 0.000000 0.000000 15
0 -0.335499 -2.199998 -0.368790 0.000000 0.000000 15
0 -0.273434 -3.052998 -0.261291 0.000000 0.000000 15
0 0.396863 -3.052998 0.125705 0.000000 0.000000 15
0 -0.335499 -2.199998 -0.368790 0.000000 0.000000 15
0 -0.298010 -1.499998 -0.303861 0.000000 0.000000 15
0 0.173430 -3.052998 0.512701 0.000000 0.000000 15
0 -0.273434 -3.052998 -0.261291 0.000000 0.000000 15
170
-0.048487 -0.100022 -0.856551
-0.309509 -0.308016 -0.118483
-0.081558 -0.172330 0.685979
-0.408518 0.183123 0.842149
-0.631598 0.623716 0.128226
-0.484518 0.303700 -0.765940
-0.048487 -0.100022 -0.856551
-0.581852 0.089772 -0.808325
-0.995853 0.089983 0.013442
0.570891 0.089322 0.816153
-0.570891 0.089322 0.816153
0.995853 0.089983 0.013442
0.581852 0.089772 -0.808325
0.309509 -0.308016 -0.118482
0.048487 -0.100022 -0.856550
0.081558 -0.172330 0.685979
0.633053 0.622191 0.134108
0.407084 0.183986 0.842469
0.048487 -0.100022 -0.856550
0.483947 0.302734 -0.766809
0.397747 0.019270 -0.917292
-0.993013 0.026194 0.115058
-0.596657 0.019268 -0.802265
-0.493485 -0.178621 -0.851215
-0.986955 -0.160992 0.001038
0.993108 0.026195 -0.114235
0.595867 0.037110 0.802226
0.496195 -0.134329 0.857756
0.986955 -0.160992 0.001036
-0.397428 0.037113 0.916882
-0.496193 -0.134329 0.857758
0.493485 -0.178621 -0.851215
-0.122044 0.992336 0.019371
-0.095680 -0.867780 0.487650
0.754271 -0.200797 0.625105
0.629573 0.302764 0.715522
-0.786547 -0.048223 0.615644
-0.383317 0.546746 0.744404
-0.899532 0.436632 0.013936
0.754271 -0.200802 -0.625103
-0.095680 -0.867785 -0.487643
0.546973 -0.184309 0.816609
0.795454 0.261586 0.546650
0.577348 -0.577355 -0.577348
0.577348 -0.577348 0.577355
-0.503467 -0.684388 0.527384
-0.503468 -0.684394 -0.527376
-0.788238 -0.067630 -0.611643
0.202576 -0.152277 -0.967354
0.162375 -0.770255 0.616719
-0.403004 -0.398449 -0.823909
0.629574 0.302757 -0.715524
0.783008 -0.176391 0.596478
0.680951 0.274694 -0.678859
0.473769 0.755691 -0.452188
-0.373910 0.475640 -0.796215
-0.386325 -0.273954 -0.880739
-0.533990 -0.471143 0.702053
0.409247 0.002181 0.895726
0.980346 0.002179 0.093444
0.499910 -0.018977 -0.865870
0.545662 -0.046551 -0.820521
-0.980345 0.002178 -0.093446
-0.999820 -0.018977 0.000000
0.499910 -0.018977 -0.865870
0.499201 -0.056485 -0.864643
-0.571098 0.002180 0.802281
0.545662 -0.046551 -0.820521
-0.499910 -0.018977 -0.865869
-0.409247 0.002177 -0.895727
-0.980345 0.002178 -0.093446
-0.998403 -0.056485 0.000000
-0.499201 -0.056485 -0.864643
-0.499201 -0.056485 0.864644
-0.499909 -0.018977 0.865871
-0.395326 -0.074989 -0.915475
0.562516 -0.173233 -0.808435
0.499201 -0.056485 -0.864643
0.562516 -0.173233 -0.808435
0.409247 0.002181 0.895726
-0.571098 0.002180 0.802281
-0.614525 -0.084311 0.784379
-0.994499 -0.010517 -0.104220
0.385790 -0.195841 0.901561
0.499202 -0.056485 0.864643
0.998403 -0.056485 0.000000
0.499911 -0.018977 0.865869
0.999820 -0.018976 0.000000
0.960804 -0.247206 0.125480
0.545662 -0.046551 -0.820521
-0.409247 0.002177 -0.895727
0.980346 0.002179 0.093444
-0.570891 0.089322 0.816153
-0.581852 0.089772 -0.808325
-0.995853 0.089983 0.013442
0.995853 0.089983 0.013442
0.570891 0.089322 0.816153
0.581852 0.089772 -0.808325
-0.397748 0.019274 -0.917292
0.986955 -0.160992 0.001037
0.493485 -0.178617 -0.851216
0.596657 0.019272 -0.802265
0.993013 0.026194 0.115058
-0.986955 -0.160992 0.001035
-0.496195 -0.134333 0.857756
-0.595866 0.037106 0.802226
-0.993108 0.026195 -0.114235
0.397428 0.037109 0.916883
0.496193 -0.134333 0.857757
-0.493485 -0.178617 -0.851216
0.122044 0.992335 0.019375
-0.577348 -0.577351 0.577352
-0.577348 -0.577352 -0.577350
-0.202576 -0.152272 -0.967355
0.788238 -0.067627 -0.611643
-0.162375 -0.770258 0.616715
0.403004 -0.398445 -0.823911
-0.629574 0.302761 -0.715522
-0.783008 -0.176393 0.596477
-0.795454 0.261584 0.546651
-0.473769 0.755693 -0.452184
0.386326 -0.273950 -0.880741
0.373911 0.475643 -0.796212
-0.629573 0.302761 0.715523
-0.754271 -0.200800 0.625104
0.095680 -0.867783 0.487646
0.533990 -0.471146 0.702051
0.899532 0.436632 0.013938
0.383317 0.546742 0.744407
0.786547 -0.048226 0.615644
0.095680 -0.867782 -0.487646
-0.754271 -0.200799 -0.625104
-0.546973 -0.184313 0.816608
-0.680950 0.274698 -0.678858
0.503468 -0.684391 -0.527379
0.503467 -0.684391 0.527381
0.409247 0.002178 -0.895727
0.499910 -0.018977 -0.865869
0.999820 -0.018977 0.000000
0.499202 -0.056485 -0.864643
0.998403 -0.056485 0.000000
0.499909 -0.018977 0.865870
0.499201 -0.056485 0.864643
-0.499202 -0.056485 -0.864643
-0.562516 -0.173233 -0.808435
0.395326 -0.074990 -0.915474
0.571098 0.002178 0.802281
0.409247 0.002178 -0.895727
-0.562516 -0.173233 -0.808435
0.994499 -0.010517 -0.104220
0.614526 -0.084310 0.784379
-0.499203 -0.056485 0.864642
-0.385790 -0.195841 0.901561
-0.999820 -0.018976 0.000000
-0.499911 -0.018977 0.865869
-0.998403 -0.056485 -0.000001
-0.409247 0.002179 0.895726
-0.960804 -0.247206 0.125480
0.980345 0.002178 -0.093446
-0.980345 0.002178 0.093445
-0.980345 0.002178 0.093445
-0.409247 0.002179 0.895726
-0.545662 -0.046549 -0.820521
-0.499910 -0.018976 -0.865869
-0.545662 -0.046549 -0.820521
0.980345 0.002178 -0.093446
-0.499910 -0.018976 -0.865869
-0.499202 -0.056485 -0.864643
0.571098 0.002178 0.802281
-0.545662 -0.046549 -0.820521
252
0 90 20 89 90 20 89 1
0 21 23 22 21 23 22 1
0 21 24 23 21 24 23 1
0 25 27 26 25 27 26 1
0 25 28 27 25 28 27 1
0 91 26 79 91 26 79 1
0 79 29 80 79 29 80 1
0 89 25 91 89 25 91 1
0 26 30 29 26 30 29 1
0 26 27 30 26 27 30 1
0 22 31 20 22 31 20 1
0 22 23 31 22 23 31 1
0 20 28 25 20 28 25 1
0 20 31 28 20 31 28 1
0 80 21 62 80 21 62 1
0 29 24 21 29 24 21 1
0 29 30 24 29 30 24 1
0 62 22 90 62 22 90 1
0 29 79 26 29 79 26 1
0 21 80 29 21 80 29 1
0 22 62 21 22 62 21 1
0 20 90 22 20 90 22 1
0 25 89 20 25 89 20 1
0 26 91 25 26 91 25 1
0 42 53 52 42 53 52 1
0 42 54 53 42 54 53 1
0 55 56 53 55 56 53 1
0 57 34 33 57 34 33 1
0 57 35 34 57 35 34 1
0 36 38 37 36 38 37 1
0 39 33 34 39 33 34 1
0 39 40 33 39 40 33 1
0 35 36 41 35 36 41 1
0 35 57 36 35 57 36 1
0 32 38 55 32 38 55 1
0 43 45 44 43 45 44 1
0 43 46 45 43 46 45 1
0 47 48 55 47 48 55 1
0 32 54 42 32 54 42 1
0 32 42 37 32 42 37 1
0 32 55 54 32 55 54 1
0 49 42 52 49 42 52 1
0 52 45 49 52 45 49 1
0 52 44 45 52 44 45 1
0 57 47 36 57 47 36 1
0 57 50 47 57 50 47 1
0 49 46 56 49 46 56 1
0 49 45 46 49 45 46 1
0 51 40 39 51 40 39 1
0 51 50 40 51 50 40 1
0 56 43 53 56 43 53 1
0 56 46 43 56 46 43 1
0 50 51 48 50 51 48 1
0 38 32 37 38 32 37 1
0 55 48 56 55 48 56 1
0 50 33 40 50 33 40 1
0 50 57 33 50 57 33 1
0 50 48 47 50 48 47 1
0 44 53 43 44 53 43 1
0 44 52 53 44 52 53 1
0 41 36 37 41 36 37 1
0 38 36 47 38 36 47 1
0 55 53 54 55 53 54 1
0 49 41 42 49 41 42 1
0 35 39 34 35 39 34 1
0 35 51 39 35 51 39 1
0 41 37 42 41 37 42 1
0 41 56 48 41 56 48 1
0 41 49 56 41 49 56 1
0 38 47 55 38 47 55 1
0 41 51 35 41 51 35 1
0 41 48 51 41 48 51 1
0 63 69 68 63 69 68 1
0 63 70 69 63 70 69 1
0 71 68 72 71 68 72 1
0 71 63 68 71 63 68 1
0 73 63 71 73 63 71 1
0 73 74 63 73 74 63 1
0 75 77 76 75 77 76 1
0 75 72 77 75 72 77 1
0 78 1 0 78 1 0 1
0 81 71 82 81 71 82 1
0 81 73 71 81 73 71 1
0 83 73 81 83 73 81 1
0 83 84 73 83 84 73 1
0 85 86 84 85 86 84 1
0 85 87 86 85 87 86 1
0 88 2 1 88 2 1 1
0 82 72 75 82 72 75 1
0 82 71 72 82 71 72 1
0 81 4 3 81 4 3 1
0 87 58 86 87 58 86 1
0 87 59 58 87 59 58 1
0 60 59 87 60 59 87 1
0 60 61 59 60 61 59 1
0 88 84 83 88 84 83 1
0 88 85 84 88 85 84 1
0 75 6 5 75 6 5 1
0 72 64 77 72 64 77 1
0 72 68 64 72 68 64 1
0 83 3 2 83 3 2 1
0 78 85 88 78 85 88 1
0 78 65 85 78 65 85 1
0 74 70 63 74 70 63 1
0 74 66 70 74 66 70 1
0 86 66 74 86 66 74 1
0 86 58 66 86 58 66 1
0 84 74 73 84 74 73 1
0 84 86 74 84 86 74 1
0 68 67 64 68 67 64 1
0 68 69 67 68 69 67 1
0 82 5 4 82 5 4 1
0 65 87 85 65 87 85 1
0 65 60 87 65 60 87 1
0 6 75 76 6 75 76 1
0 1 78 88 1 78 88 1
0 2 88 83 2 88 83 1
0 3 83 81 3 83 81 1
0 4 81 82 4 81 82 1
0 5 82 75 5 82 75 1
0 7 94 8 7 94 8 1
0 7 93 94 7 93 94 1
0 9 92 96 9 92 96 1
0 9 10 92 9 10 92 1
0 9 95 11 9 95 11 1
0 9 96 95 9 96 95 1
0 8 92 10 8 92 10 1
0 8 94 92 8 94 92 1
0 11 97 12 11 97 12 1
0 11 95 97 11 95 97 1
0 7 97 93 7 97 93 1
0 7 12 97 7 12 97 1
0 98 147 164 98 147 164 1
0 99 101 100 99 101 100 1
0 99 102 101 99 102 101 1
0 103 105 104 103 105 104 1
0 103 106 105 103 106 105 1
0 105 159 156 105 159 156 1
0 107 156 146 107 156 146 1
0 106 164 159 106 164 159 1
0 104 107 108 104 107 108 1
0 104 105 107 104 105 107 1
0 100 98 109 100 98 109 1
0 100 101 98 100 101 98 1
0 109 106 103 109 106 103 1
0 109 98 106 109 98 106 1
0 102 146 158 102 146 158 1
0 108 102 99 108 102 99 1
0 108 107 102 108 107 102 1
0 101 158 147 101 158 147 1
0 156 107 105 156 107 105 1
0 146 102 107 146 102 107 1
0 158 101 102 158 101 102 1
0 147 98 101 147 98 101 1
0 164 106 98 164 106 98 1
0 159 105 106 159 105 106 1
0 133 119 118 133 119 118 1
0 120 119 133 120 119 133 1
0 121 122 133 121 122 133 1
0 123 125 124 123 125 124 1
0 123 126 125 123 126 125 1
0 127 129 128 127 129 128 1
0 130 124 125 130 124 125 1
0 130 131 124 130 131 124 1
0 126 132 129 126 132 129 1
0 126 123 132 126 123 132 1
0 127 110 122 127 110 122 1
0 134 111 135 134 111 135 1
0 134 112 111 134 112 111 1
0 113 114 122 113 114 122 1
0 120 110 119 120 110 119 1
0 119 110 128 119 110 128 1
0 122 110 120 122 110 120 1
0 119 115 118 119 115 118 1
0 111 115 135 111 115 135 1
0 111 118 115 111 118 115 1
0 116 129 114 116 129 114 1
0 116 126 129 116 126 129 1
0 135 121 134 135 121 134 1
0 135 115 121 135 115 121 1
0 116 131 130 116 131 130 1
0 116 117 131 116 117 131 1
0 134 133 112 134 133 112 1
0 134 121 133 134 121 133 1
0 117 116 113 117 116 113 1
0 110 127 128 110 127 128 1
0 113 122 121 113 122 121 1
0 126 130 125 126 130 125 1
0 126 116 130 126 116 130 1
0 113 116 114 113 116 114 1
0 118 112 133 118 112 133 1
0 118 111 112 118 111 112 1
0 129 132 128 129 132 128 1
0 129 127 114 129 127 114 1
0 133 122 120 133 122 120 1
0 132 115 119 132 115 119 1
0 117 124 131 117 124 131 1
0 117 123 124 117 123 124 1
0 128 132 119 128 132 119 1
0 115 113 121 115 113 121 1
0 115 132 113 115 132 113 1
0 114 127 122 114 127 122 1
0 113 123 117 113 123 117 1
0 113 132 123 113 132 123 1
0 165 137 136 165 137 136 1
0 165 138 137 165 138 137 1
0 138 139 137 138 139 137 1
0 138 140 139 138 140 139 1
0 141 140 138 141 140 138 1
0 141 142 140 141 142 140 1
0 139 144 143 139 144 143 1
0 139 145 144 139 145 144 1
0 13 148 14 13 148 14 1
0 142 149 140 142 149 140 1
0 142 150 149 142 150 149 1
0 151 150 142 151 150 142 1
0 151 152 150 151 152 150 1
0 153 151 154 153 151 154 1
0 153 155 151 153 155 151 1
0 15 157 13 15 157 13 1
0 140 145 139 140 145 139 1
0 140 149 145 140 149 145 1
0 16 150 17 16 150 17 1
0 160 154 161 160 154 161 1
0 160 153 154 160 153 154 1
0 162 153 160 162 153 160 1
0 162 163 153 162 163 153 1
0 155 152 151 155 152 151 1
0 155 157 152 155 157 152 1
0 18 145 19 18 145 19 1
0 137 143 166 137 143 166 1
0 137 139 143 137 139 143 1
0 17 152 15 17 152 15 1
0 167 157 155 167 157 155 1
0 167 148 157 167 148 157 1
0 168 138 165 168 138 165 1
0 168 141 138 168 141 138 1
0 161 141 168 161 141 168 1
0 161 154 141 161 154 141 1
0 154 142 141 154 142 141 1
0 154 151 142 154 151 142 1
0 136 166 169 136 166 169 1
0 136 137 166 136 137 166 1
0 19 149 16 19 149 16 1
0 163 155 153 163 155 153 1
0 163 167 155 163 167 155 1
0 145 18 144 145 18 144 1
0 148 13 157 148 13 157 1
0 157 15 152 157 15 152 1
0 152 17 150 152 17 150 1
0 150 16 149 150 16 149 1
0 149 19 145 149 19 145 1
"Mesh2" 0 2
172
0 0.341360 -1.583333 -0.732188 0.000000 0.000000 2
0 0.000000 -1.756000 -0.578530 0.000000 0.000000 2
0 0.000000 -1.457100 -0.818500 0.000000 0.000000 2
0 0.950000 -0.600000 -0.700000 0.000000 0.000000 2
0 1.049441 -1.233333 -0.732188 0.000000 0.000000 2
0 1.350000 -0.600000 0.200000 0.000000 0.000000 2
0 1.444280 -1.133333 0.200000 0.000000 0.000000 2
0 1.049441 -1.233333 -0.732188 0.000000 0.000000 2
0 0.950000 -0.600000 -0.700000 0.000000 0.000000 2
0 0.800000 -0.600000 1.200000 0.000000 0.000000 2
0 0.000000 -0.610000 1.356760 0.000000 0.000000 2
0 0.341360 -1.833333 1.042698 0.000000 0.000000 2
0 0.800000 -0.600000 1.200000 0.000000 0.000000 2
0 1.149440 -1.483333 1.042698 0.000000 0.000000 2
0 0.000000 -0.600000 -0.800000 0.000000 0.000000 2
0 1.149440 -1.483333 1.042698 0.000000 0.000000 2
0 0.000000 -1.844000 0.764990 0.000000 0.000000 2
0 0.000000 -1.983330 0.200000 0.000000 0.000000 2
0 -0.950000 -0.600000 -0.700000 0.000000 0.000000 2
0 -0.950000 -0.600000 -0.700000 0.000000 0.000000 2
0 -1.350000 -0.600000 0.200000 0.000000 0.000000 2
0 0.000000 -0.610000 1.356760 0.000000 0.000000 2
0 -0.800000 -0.600000 1.200000 0.000000 0.000000 2
0 -0.800000 -0.600000 1.200000 0.000000 0.000000 2
0 0.000000 -1.844000 0.764990 0.000000 0.000000 2
0 1.149440 -1.483333 1.042698 0.000000 0.000000 2
0 1.444280 -1.133333 0.200000 0.000000 0.000000 2
0 1.049441 -1.233333 -0.732188 0.000000 0.000000 2
0 1.049441 -1.233333 -0.732188 0.000000 0.000000 2
0 0.341360 -1.583333 -0.732188 0.000000 0.000000 2
0 0.000000 -1.844000 0.764990 0.000000 0.000000 2
0 0.000000 -1.983330 0.200000 0.000000 0.000000 2
0 0.341360 -1.833333 1.042698 0.000000 0.000000 2
0 1.149440 -1.483333 1.042698 0.000000 0.000000 2
0 0.000000 -1.983330 0.200000 0.000000 0.000000 2
0 0.000000 -1.844000 0.764990 0.000000 0.000000 2
0 0.824800 -0.782898 -0.027000 0.000000 0.000000 4
0 -0.321314 -1.132900 0.885884 0.000000 0.000000 4
0 0.542228 -0.525002 1.100123 0.000000 0.000000 4
0 1.134455 -0.775000 0.024355 0.000000 0.000000 4
0 -0.542227 -0.525002 1.100124 0.000000 0.000000 4
0 0.717027 -0.082901 -1.202767 0.000000 0.000000 4
0 -0.925200 -0.782898 -0.027000 0.000000 0.000000 4
0 -1.134455 -0.775000 0.024356 0.000000 0.000000 4
0 -0.867428 -0.082901 -1.202767 0.000000 0.000000 4
0 0.270914 -1.132900 0.885884 0.000000 0.000000 4
0 0.270533 -0.341766 -0.636220 0.000000 0.000000 6
0 -0.320933 -0.341766 -0.636219 0.000000 0.000000 6
0 0.622266 -0.341766 -0.027000 0.000000 0.000000 6
0 1.168478 -3.775100 -0.027000 0.000000 0.000000 6
0 0.546639 -3.775100 -1.104056 0.000000 0.000000 6
0 -0.320933 -0.341766 0.582219 0.000000 0.000000 6
0 0.270533 -0.341766 0.582219 0.000000 0.000000 6
0 0.546640 -3.775100 1.050056 0.000000 0.000000 6
0 -0.647039 -3.775100 -1.104055 0.000000 0.000000 6
0 -0.597039 -3.775100 1.050057 0.000000 0.000000 6
0 -0.647039 -3.775100 -1.104055 0.000000 0.000000 6
0 -1.218878 -3.775100 -0.027000 0.000000 0.000000 6
0 -0.597039 -3.775100 1.050057 0.000000 0.000000 6
0 0.546640 -3.775100 1.050056 0.000000 0.000000 6
0 -0.597039 -3.775100 1.050057 0.000000 0.000000 6
0 1.168478 -3.775100 -0.027000 0.000000 0.000000 6
0 -0.647039 -3.775100 -1.104055 0.000000 0.000000 6
0 0.546639 -3.775100 -1.104056 0.000000 0.000000 6
0 -1.218878 -3.775100 -0.027000 0.000000 0.000000 6
0 -0.672666 -0.341766 -0.027000 0.000000 0.000000 6
0 -0.320933 -0.341766 0.582219 0.000000 0.000000 6
0 -0.320933 -0.341766 -0.636219 0.000000 0.000000 6
0 -0.274640 0.054667 -0.973388 0.000000 0.000000 7
0 -0.274640 0.054667 -0.973388 0.000000 0.000000 7
0 -0.374640 -0.195333 0.801498 0.000000 0.000000 7
0 -0.669480 0.154667 -0.041200 0.000000 0.000000 7
0 -0.374640 -0.195333 0.801498 0.000000 0.000000 7
0 -0.284672 -4.028666 -0.587613 0.000000 0.000000 7
0 -0.428486 -1.845333 -0.919708 0.000000 0.000000 7
0 0.378086 -1.845333 -0.919708 0.000000 0.000000 7
0 -0.274640 0.054667 -0.973388 0.000000 0.000000 7
0 0.433440 -0.295333 -0.973388 0.000000 0.000000 7
0 0.433440 -0.545333 0.801498 0.000000 0.000000 7
0 -0.374640 -0.195333 0.801498 0.000000 0.000000 7
0 -0.284672 -4.028666 0.505213 0.000000 0.000000 7
0 0.549744 -4.028666 -0.041200 0.000000 0.000000 7
0 -0.600144 -4.028666 -0.041200 0.000000 0.000000 7
0 0.234272 -4.028666 0.505213 0.000000 0.000000 7
0 0.234272 -4.028666 -0.587613 0.000000 0.000000 7
0 -0.284672 -4.028666 -0.587613 0.000000 0.000000 7
0 -0.284672 -4.028666 0.505213 0.000000 0.000000 7
0 -0.284672 -4.028666 -0.587613 0.000000 0.000000 7
0 0.234272 -4.028666 0.505213 0.000000 0.000000 7
0 0.549744 -4.028666 -0.041200 0.000000 0.000000 7
0 0.835971 -1.845333 -0.041200 0.000000 0.000000 7
0 0.378086 -1.845333 0.837308 0.000000 0.000000 7
0 -0.600144 -4.028666 -0.041200 0.000000 0.000000 7
0 -0.284672 -4.028666 0.505213 0.000000 0.000000 7
0 -0.428485 -1.845333 0.837309 0.000000 0.000000 7
0 -0.886371 -1.845333 -0.041200 0.000000 0.000000 7
0 -0.374640 -0.195333 0.801498 0.000000 0.000000 7
0 -0.886371 -1.845333 -0.041200 0.000000 0.000000 7
0 -0.428485 -1.845333 0.837309 0.000000 0.000000 7
0 -0.669480 0.154667 -0.041200 0.000000 0.000000 7
0 -0.284672 -4.028666 -0.587613 0.000000 0.000000 7
0 -0.600144 -4.028666 -0.041200 0.000000 0.000000 7
0 -0.886371 -1.845333 -0.041200 0.000000 0.000000 7
0 -0.428486 -1.845333 -0.919708 0.000000 0.000000 7
0 -0.428486 -1.845333 -0.919708 0.000000 0.000000 7
0 -0.274640 0.054667 -0.973388 0.000000 0.000000 7
0 -0.428485 -1.845333 0.837309 0.000000 0.000000 7
0 -0.284672 -4.028666 0.505213 0.000000 0.000000 7
0 0.234272 -4.028666 -0.587613 0.000000 0.000000 7
0 0.433440 -0.295333 -0.973388 0.000000 0.000000 7
0 0.433440 -0.545333 0.801498 0.000000 0.000000 7
0 -0.542228 -0.525002 1.100123 0.000000 0.000000 11
0 -1.134455 -0.775000 0.024355 0.000000 0.000000 11
0 0.542227 -0.525002 1.100124 0.000000 0.000000 11
0 -0.717027 -0.082901 -1.202767 0.000000 0.000000 11
0 0.867428 -0.082901 -1.202767 0.000000 0.000000 11
0 1.134455 -0.775000 0.024356 0.000000 0.000000 11
0 0.925200 -0.782898 -0.027000 0.000000 0.000000 11
0 -0.270914 -1.132900 0.885884 0.000000 0.000000 11
0 -0.824800 -0.782898 -0.027000 0.000000 0.000000 11
0 0.321314 -1.132900 0.885884 0.000000 0.000000 11
0 0.597039 -3.775100 1.050057 0.000000 0.000000 13
0 1.218878 -3.775100 -0.026999 0.000000 0.000000 13
0 0.647039 -3.775100 -1.104055 0.000000 0.000000 13
0 0.597039 -3.775100 1.050057 0.000000 0.000000 13
0 0.647039 -3.775100 -1.104055 0.000000 0.000000 13
0 -1.168478 -3.775100 -0.027000 0.000000 0.000000 13
0 0.597039 -3.775100 1.050057 0.000000 0.000000 13
0 -0.546640 -3.775100 1.050056 0.000000 0.000000 13
0 -0.546639 -3.775100 -1.104056 0.000000 0.000000 13
0 1.218878 -3.775100 -0.026999 0.000000 0.000000 13
0 0.320933 -0.341766 0.582219 0.000000 0.000000 13
0 0.672666 -0.341766 -0.027000 0.000000 0.000000 13
0 0.320933 -0.341766 -0.636219 0.000000 0.000000 13
0 0.320933 -0.341766 -0.636219 0.000000 0.000000 13
0 -0.270533 -0.341766 -0.636220 0.000000 0.000000 13
0 -0.546639 -3.775100 -1.104056 0.000000 0.000000 13
0 -1.168478 -3.775100 -0.027000 0.000000 0.000000 13
0 -0.622266 -0.341766 -0.027000 0.000000 0.000000 13
0 -0.270533 -0.341766 0.582219 0.000000 0.000000 13
0 0.320933 -0.341766 0.582219 0.000000 0.000000 13
0 -0.546640 -3.775100 1.050056 0.000000 0.000000 13
0 0.647039 -3.775100 -1.104055 0.000000 0.000000 13
0 0.428485 -1.845333 0.837309 0.000000 0.000000 14
0 0.886371 -1.845333 -0.041200 0.000000 0.000000 14
0 -0.234272 -4.028666 -0.587613 0.000000 0.000000 14
0 0.600144 -4.028666 -0.041200 0.000000 0.000000 14
0 0.428486 -1.845333 -0.919708 0.000000 0.000000 14
0 0.886371 -1.845333 -0.041200 0.000000 0.000000 14
0 0.600144 -4.028666 -0.041200 0.000000 0.000000 14
0 0.284672 -4.028666 -0.587613 0.000000 0.000000 14
0 0.428486 -1.845333 -0.919708 0.000000 0.000000 14
0 0.284672 -4.028666 0.505213 0.000000 0.000000 14
0 0.284672 -4.028666 0.505213 0.000000 0.000000 14
0 0.428485 -1.845333 0.837309 0.000000 0.000000 14
0 -0.378085 -1.845333 -0.919709 0.000000 0.000000 14
0 0.428486 -1.845333 -0.919708 0.000000 0.000000 14
0 0.284672 -4.028666 -0.587613 0.000000 0.000000 14
0 -0.234272 -4.028666 -0.587613 0.000000 0.000000 14
0 -0.549744 -4.028666 -0.041200 0.000000 0.000000 14
0 0.284672 -4.028666 -0.587613 0.000000 0.000000 14
0 -0.234272 -4.028666 0.505213 0.000000 0.000000 14
0 0.284672 -4.028666 0.505213 0.000000 0.000000 14
0 0.600144 -4.028666 -0.041200 0.000000 0.000000 14
0 0.284672 -4.028666 0.505213 0.000000 0.000000 14
0 0.284672 -4.028666 -0.587613 0.000000 0.000000 14
0 -0.378086 -1.845333 0.837308 0.000000 0.000000 14
0 -0.835971 -1.845333 -0.041200 0.000000 0.000000 14
0 -0.549744 -4.028666 -0.041200 0.000000 0.000000 14
0 -0.234272 -4.028666 0.505213 0.000000 0.000000 14
0 0.886371 -1.845333 -0.041200 0.000000 0.000000 14
0 0.428485 -1.845333 0.837309 0.000000 0.000000 14
172
-0.282499 -0.179003 -0.814077
-0.162005 -0.815168 -0.556108
0.117129 -0.324933 -0.938456
0.447881 0.096112 -0.880688
0.445563 0.062601 -0.885891
0.966278 0.232338 0.096533
0.978495 0.152539 -0.076793
0.445563 0.062601 -0.885891
0.447881 0.096112 -0.880688
0.450653 0.061306 0.876085
0.000000 0.072420 0.912866
-0.171266 -0.116930 0.967790
0.450653 0.061306 0.876085
0.623996 0.052717 0.773246
0.089525 0.049809 -0.989132
0.623996 0.052717 0.773246
0.000000 -0.253296 0.597624
-0.112733 -0.344124 -0.038931
-0.447881 0.096112 -0.880688
-0.447881 0.096112 -0.880688
-0.966278 0.232338 0.096533
0.000000 0.072420 0.912866
-0.450653 0.061306 0.876085
-0.450653 0.061306 0.876085
0.000000 -0.253296 0.597624
0.623996 0.052717 0.773246
0.978495 0.152539 -0.076793
0.445563 0.062601 -0.885891
0.445563 0.062601 -0.885891
-0.282499 -0.179003 -0.814077
0.000000 -0.253296 0.597624
-0.112733 -0.344124 -0.038931
-0.171266 -0.116930 0.967790
0.623996 0.052717 0.773246
-0.112733 -0.344124 -0.038931
0.000000 -0.253296 0.597624
0.773783 -0.617032 -0.143288
-0.445367 -0.787246 0.426489
0.479857 -0.132849 0.867230
0.754919 -0.653672 -0.053004
-0.468829 -0.217328 0.856135
0.653322 0.186899 -0.733648
-0.777000 -0.617802 -0.120797
-0.834186 -0.542833 0.097292
-0.756816 0.152088 -0.635687
0.435355 -0.801432 0.410089
0.391777 0.168477 -0.904503
-0.590893 0.170229 -0.788586
0.979157 0.168811 -0.112938
0.988436 0.145510 0.029034
0.461070 0.294293 -0.824455
-0.391777 0.168477 0.904503
0.587397 0.168478 0.791568
0.496771 0.104070 0.860019
-0.426201 0.246050 -0.855267
-0.496989 0.109116 0.858261
-0.426201 0.246050 -0.855267
-0.985793 0.162871 -0.022672
-0.496989 0.109116 0.858261
0.496771 0.104070 0.860019
-0.496989 0.109116 0.858261
0.988436 0.145510 0.029034
-0.426201 0.246050 -0.855267
0.461070 0.294293 -0.824455
-0.985793 0.162871 -0.022672
-0.978509 0.169710 0.117125
-0.391777 0.168477 0.904503
-0.590893 0.170229 -0.788586
-0.445563 0.062601 -0.885891
-0.445563 0.062601 -0.885891
-0.623996 0.052717 0.773246
-0.978495 0.152539 -0.076793
-0.623996 0.052717 0.773246
-0.414102 0.008678 -0.889134
-0.626949 -0.033266 -0.778350
0.404133 -0.088695 -0.910390
-0.445563 0.062601 -0.885891
0.282499 -0.179003 -0.814077
0.171266 -0.116930 0.967790
-0.623996 0.052717 0.773246
-0.575231 0.008678 0.796106
0.978576 0.018434 0.093029
-0.982509 -0.033849 -0.062019
0.414102 0.008678 0.889134
0.575232 0.008678 -0.796106
-0.414102 0.008678 -0.889134
-0.575231 0.008678 0.796106
-0.414102 0.008678 -0.889134
0.414102 0.008678 0.889134
0.978576 0.018434 0.093029
0.996429 -0.043355 -0.072448
0.661143 -0.095058 0.744214
-0.982509 -0.033849 -0.062019
-0.575231 0.008678 0.796106
-0.406833 -0.042894 0.912495
-0.996593 -0.001979 0.082448
-0.623996 0.052717 0.773246
-0.996593 -0.001979 0.082448
-0.406833 -0.042894 0.912495
-0.978495 0.152539 -0.076793
-0.414102 0.008678 -0.889134
-0.982509 -0.033849 -0.062019
-0.996593 -0.001979 0.082448
-0.626949 -0.033266 -0.778350
-0.626949 -0.033266 -0.778350
-0.445563 0.062601 -0.885891
-0.406833 -0.042894 0.912495
-0.575231 0.008678 0.796106
0.575232 0.008678 -0.796106
0.282499 -0.179003 -0.814077
0.171266 -0.116930 0.967790
-0.479857 -0.132849 0.867230
-0.754919 -0.653672 -0.053004
0.468829 -0.217328 0.856135
-0.653322 0.186899 -0.733648
0.756816 0.152088 -0.635687
0.834186 -0.542833 0.097292
0.777000 -0.617802 -0.120797
-0.435355 -0.801432 0.410089
-0.773783 -0.617032 -0.143288
0.445367 -0.787246 0.426489
0.496989 0.109116 0.858261
0.985793 0.162871 -0.022672
0.426201 0.246050 -0.855267
0.496989 0.109116 0.858261
0.426201 0.246050 -0.855267
-0.988436 0.145510 0.029034
0.496989 0.109116 0.858261
-0.496772 0.104070 0.860019
-0.461070 0.294293 -0.824455
0.985793 0.162871 -0.022672
0.391777 0.168477 0.904503
0.978509 0.169710 0.117125
0.590893 0.170229 -0.788586
0.590893 0.170229 -0.788586
-0.391777 0.168477 -0.904503
-0.461070 0.294293 -0.824455
-0.988436 0.145510 0.029034
-0.979157 0.168811 -0.112938
-0.587397 0.168478 0.791568
0.391777 0.168477 0.904503
-0.496772 0.104070 0.860019
0.426201 0.246050 -0.855267
0.509683 -0.064291 0.857957
0.999407 -0.024524 -0.024167
-0.570349 0.025954 -0.801817
0.983833 -0.023822 -0.062019
0.629719 -0.038904 -0.775848
0.999407 -0.024524 -0.024167
0.983833 -0.023822 -0.062019
0.409220 0.025954 -0.894845
0.629719 -0.038904 -0.775848
0.570349 0.025954 0.801817
0.570349 0.025954 0.801817
0.509683 -0.064291 0.857957
-0.506967 -0.102590 -0.855839
0.629719 -0.038904 -0.775848
0.409220 0.025954 -0.894845
-0.570349 0.025954 -0.801817
-0.970760 0.027049 -0.000767
0.409220 0.025954 -0.894845
-0.409220 0.025954 0.894845
0.570349 0.025954 0.801817
0.983833 -0.023822 -0.062019
0.570349 0.025954 0.801817
0.409220 0.025954 -0.894845
-0.663234 -0.099861 0.741720
-0.997742 -0.059027 0.032048
-0.970760 0.027049 -0.000767
-0.409220 0.025954 0.894845
0.999407 -0.024524 -0.024167
0.509683 -0.064291 0.857957
162
0 0 2 1 0 2 1 1
0 3 0 4 3 0 4 1
0 5 7 6 5 7 6 1
0 5 8 7 5 8 7 1
0 9 11 10 9 11 10 1
0 12 6 13 12 6 13 1
0 12 5 6 12 5 6 1
0 0 14 2 0 14 2 1
0 11 9 15 11 9 15 1
0 11 16 10 11 16 10 1
0 14 0 3 14 0 3 1
0 17 0 1 17 0 1 1
0 2 109 1 2 109 1 1
0 109 18 68 109 18 68 1
0 19 71 69 19 71 69 1
0 19 20 71 19 20 71 1
0 110 22 21 110 22 21 1
0 20 70 71 20 70 71 1
0 20 23 70 20 23 70 1
0 14 109 2 14 109 2 1
0 22 110 72 22 110 72 1
0 24 110 21 24 110 21 1
0 109 14 18 109 14 18 1
0 109 17 1 109 17 1 1
0 61 38 59 61 38 59 1
0 61 39 38 61 39 38 1
0 60 38 40 60 38 40 1
0 62 41 63 62 41 63 1
0 42 44 43 42 44 43 1
0 39 45 38 39 45 38 1
0 60 43 64 60 43 64 1
0 41 61 63 41 61 63 1
0 60 40 43 60 40 43 1
0 44 64 43 44 64 43 1
0 61 41 39 61 41 39 1
0 41 36 39 41 36 39 1
0 44 62 64 44 62 64 1
0 37 43 40 37 43 40 1
0 37 42 43 37 42 43 1
0 36 45 39 36 45 39 1
0 37 38 45 37 38 45 1
0 37 40 38 37 40 38 1
0 41 62 44 41 62 44 1
0 38 60 59 38 60 59 1
0 65 80 66 65 80 66 1
0 67 82 65 67 82 65 1
0 46 85 47 46 85 47 1
0 46 49 48 46 49 48 1
0 46 50 49 46 50 49 1
0 51 83 52 51 83 52 1
0 48 84 46 48 84 46 1
0 48 53 52 48 53 52 1
0 48 49 53 48 49 53 1
0 47 50 46 47 50 46 1
0 47 54 50 47 54 50 1
0 52 81 48 52 81 48 1
0 52 55 51 52 55 51 1
0 52 53 55 52 53 55 1
0 65 56 67 65 56 67 1
0 65 57 56 65 57 56 1
0 66 57 65 66 57 65 1
0 66 58 57 66 58 57 1
0 84 48 81 84 48 81 1
0 81 52 83 81 52 83 1
0 83 51 86 83 51 86 1
0 80 65 82 80 65 82 1
0 82 67 87 82 67 87 1
0 85 46 84 85 46 84 1
0 88 90 89 88 90 89 1
0 88 91 90 88 91 90 1
0 92 94 93 92 94 93 1
0 92 95 94 92 95 94 1
0 96 98 97 96 98 97 1
0 96 97 99 96 97 99 1
0 100 102 101 100 102 101 1
0 100 103 102 100 103 102 1
0 99 97 104 99 97 104 1
0 99 104 105 99 104 105 1
0 91 107 106 91 107 106 1
0 91 88 107 91 88 107 1
0 108 74 73 108 74 73 1
0 108 75 74 108 75 74 1
0 76 74 75 76 74 75 1
0 76 75 77 76 75 77 1
0 89 75 108 89 75 108 1
0 89 90 75 89 90 75 1
0 91 35 34 91 35 34 1
0 77 75 90 77 75 90 1
0 77 90 34 77 90 34 1
0 91 34 90 91 34 90 1
0 35 91 78 35 91 78 1
0 78 106 79 78 106 79 1
0 78 91 106 78 91 106 1
0 111 126 128 111 126 128 1
0 112 126 111 112 126 111 1
0 111 127 113 111 127 113 1
0 114 125 129 114 125 129 1
0 115 117 116 115 117 116 1
0 118 112 111 118 112 111 1
0 116 127 130 116 127 130 1
0 126 114 129 126 114 129 1
0 113 127 116 113 127 116 1
0 130 115 116 130 115 116 1
0 114 126 112 114 126 112 1
0 119 114 112 119 114 112 1
0 125 115 130 125 115 130 1
0 116 120 113 116 120 113 1
0 117 120 116 117 120 116 1
0 118 119 112 118 119 112 1
0 113 118 111 113 118 111 1
0 113 120 118 113 120 118 1
0 125 114 115 125 114 115 1
0 127 111 128 127 111 128 1
0 152 132 131 152 132 131 1
0 146 133 132 146 133 132 1
0 160 135 134 160 135 134 1
0 136 138 137 136 138 137 1
0 136 135 138 136 135 138 1
0 161 140 139 161 140 139 1
0 145 138 135 145 138 135 1
0 137 139 141 137 139 141 1
0 137 138 139 137 138 139 1
0 142 135 136 142 135 136 1
0 142 134 135 142 134 135 1
0 159 139 138 159 139 138 1
0 141 140 121 141 140 121 1
0 141 139 140 141 139 140 1
0 122 133 123 122 133 123 1
0 122 132 133 122 132 133 1
0 124 132 122 124 132 122 1
0 124 131 132 124 131 132 1
0 138 145 159 138 145 159 1
0 139 159 161 139 159 161 1
0 140 161 164 140 161 164 1
0 132 152 146 132 152 146 1
0 133 146 165 133 146 165 1
0 135 160 145 135 160 145 1
0 166 168 167 166 168 167 1
0 166 169 168 166 169 168 1
0 170 162 171 170 162 171 1
0 170 163 162 170 163 162 1
0 143 25 144 143 25 144 1
0 144 25 26 144 25 26 1
0 147 149 148 147 149 148 1
0 147 150 149 147 150 149 1
0 144 26 151 144 26 151 1
0 151 26 27 151 26 27 1
0 169 154 153 169 154 153 1
0 169 166 154 169 166 154 1
0 155 157 156 155 157 156 1
0 155 158 157 155 158 157 1
0 156 28 155 156 28 155 1
0 155 28 29 155 28 29 1
0 167 158 155 167 158 155 1
0 167 168 158 167 168 158 1
0 30 166 31 30 166 31 1
0 155 29 167 155 29 167 1
0 167 29 31 167 29 31 1
0 31 166 167 31 166 167 1
0 166 30 32 166 30 32 1
0 154 32 33 154 32 33 1
0 166 32 154 166 32 154 1
"Mesh3" 0 3
0
0
0
"Mesh4" 0 4
54
0 -0.537615 3.597304 0.700096 0.321402 0.105803 0
0 -0.579966 3.879319 0.682294 0.309152 0.072754 0
0 0.000000 3.949999 0.950095 0.495536 0.072754 0
0 0.559653 3.881794 0.686420 0.683036 0.072754 0
0 0.519678 3.605098 0.700095 0.672639 0.103810 0
0 -0.456749 3.300000 -0.650600 0.348266 0.135675 0
0 -0.651086 3.768964 0.000096 0.283707 0.061912 0
0 0.525195 3.300000 -0.635718 0.674472 0.135675 0
0 0.640930 3.780552 0.000096 0.712919 0.058949 0
0 1.100000 2.100000 -0.857504 0.865424 0.380970 0
0 0.000000 2.100000 -1.179105 0.500000 0.380970 0
0 -1.100000 2.100000 -0.857504 0.134576 0.380970 0
0 1.379838 3.200000 -0.599905 0.958388 0.161244 0
0 -1.379838 3.200000 -0.599905 0.041612 0.161244 0
0 1.505100 2.050000 0.000096 1.000000 0.393754 0
0 1.157625 0.900000 0.000096 0.884567 0.657027 0
0 -0.826875 0.900000 -0.794244 0.225309 0.657027 0
0 0.000000 0.900000 -0.981984 0.500000 0.657027 0
0 0.826875 0.900000 -0.794244 0.774691 0.657027 0
0 1.446119 2.500000 -0.599905 0.980406 0.294078 0
0 -1.348756 3.500000 0.000096 0.051938 0.130682 0
0 1.348756 3.500000 0.000096 0.948062 0.130682 0
0 -1.505100 2.050000 0.000096 0.000000 0.393754 0
0 -1.446119 2.500000 -0.599905 0.019594 0.294078 0
0 -1.157625 0.900000 0.000096 0.115433 0.657027 0
0 0.828449 0.100000 0.905801 0.717761 0.866717 2
0 1.350000 -0.600000 0.200000 0.549915 0.982285 2
0 0.800000 -0.600000 1.200000 0.726917 0.982285 2
0 0.000000 -0.600000 -0.800000 0.500000 0.982285 2
0 0.000000 0.100000 -0.774799 0.500000 0.866717 2
0 -1.350000 -0.600000 0.200000 0.065540 0.982285 2
0 -1.159829 0.100000 0.000000 0.126741 0.866717 2
0 -0.828449 0.100000 -0.595999 0.233386 0.866717 2
0 -0.950000 -0.600000 -0.700000 0.194268 0.982285 2
0 0.000000 -0.610000 1.356760 0.984375 0.984375 2
0 0.000000 0.100000 0.751044 0.984375 0.866717 2
0 -0.350000 0.100000 1.100000 0.871737 0.866717 2
0 -1.350000 -0.600000 0.200000 0.549915 0.982285 2
0 -0.828449 0.100000 0.905801 0.717761 0.866717 2
0 -1.159829 0.100000 0.000000 0.611116 0.866717 2
0 -0.800000 -0.600000 1.200000 0.726917 0.982285 2
0 1.159829 0.100000 0.000000 0.885300 0.861572 2
0 0.000000 0.100000 -0.774799 0.500000 0.861572 2
0 0.828449 0.100000 -0.595999 0.775214 0.861572 2
0 -0.828449 0.100000 -0.595999 0.224786 0.861572 2
0 -1.159829 0.100000 0.000000 0.114700 0.861572 2
0 0.950000 -0.600000 -0.700000 0.194268 0.982285 2
0 0.828449 0.100000 -0.595999 0.233386 0.866717 2
0 1.159829 0.100000 0.000000 0.126741 0.866717 2
0 1.350000 -0.600000 0.200000 0.065540 0.982285 2
0 0.350000 0.100000 1.100000 0.871737 0.866717 2
0 0.000000 0.100000 0.751044 0.984375 0.866717 2
0 0.000000 -0.610000 1.356760 0.984375 0.984375 2
0 1.159829 0.100000 0.000000 0.611116 0.866717 2
54
0.608129 0.565067 -0.557565
0.128499 0.376776 -0.044018
-0.000825 0.296937 -0.022622
-0.127995 0.375579 -0.040827
-0.621267 0.539254 -0.568535
0.093415 0.644265 -0.759076
0.303344 0.881194 -0.362601
-0.099438 0.625892 -0.773545
-0.316244 0.868552 -0.381586
0.606504 -0.076717 -0.791371
0.002146 0.070148 -0.997534
-0.607656 -0.076517 -0.790506
0.483947 0.302734 -0.766809
-0.484518 0.303700 -0.765940
0.309509 -0.308016 -0.118482
0.978706 -0.162743 -0.125100
-0.630265 -0.156743 -0.760393
0.000000 -0.217933 -0.975964
0.630265 -0.156743 -0.760393
0.048487 -0.100022 -0.856550
-0.631598 0.623716 0.128226
0.633053 0.622191 0.134108
-0.309509 -0.308016 -0.118483
-0.048487 -0.100022 -0.856551
-0.978706 -0.162743 -0.125100
0.744954 0.104224 0.658925
0.966278 0.232338 0.096533
0.450653 0.061306 0.876085
0.089525 0.049809 -0.989132
0.000000 -0.073943 -0.997263
-0.966278 0.232338 0.096533
-0.991547 0.115168 -0.059757
-0.535386 -0.032190 -0.843994
-0.447881 0.096112 -0.880688
0.000000 0.072420 0.912866
0.000000 0.280238 0.959931
0.117037 0.149115 0.981869
-0.966278 0.232338 0.096533
-0.744954 0.104224 0.658925
-0.991547 0.115168 -0.059757
-0.450653 0.061306 0.876085
0.991547 0.115168 -0.059757
0.000000 -0.073943 -0.997263
0.535387 -0.032190 -0.843994
-0.535386 -0.032190 -0.843994
-0.991547 0.115168 -0.059757
0.447881 0.096112 -0.880688
0.535387 -0.032190 -0.843994
0.991547 0.115168 -0.059757
0.966278 0.232338 0.096533
-0.117038 0.149115 0.981869
0.000000 0.280238 0.959931
0.000000 0.072420 0.912866
0.991547 0.115168 -0.059757
56
0 0 2 1 0 2 1 1
0 2 4 3 2 4 3 1
0 5 0 6 5 0 6 1
0 7 0 5 7 0 5 1
0 7 4 0 7 4 0 1
0 4 7 8 4 7 8 1
0 8 3 4 8 3 4 1
0 1 6 0 1 6 0 1
0 4 2 0 4 2 0 1
0 9 7 10 9 7 10 1
0 5 11 10 5 11 10 1
0 7 9 12 7 9 12 1
0 6 13 5 6 13 5 1
0 12 8 7 12 8 7 1
0 9 15 14 9 15 14 1
0 16 10 11 16 10 11 1
0 17 43 18 17 43 18 1
0 16 45 44 16 45 44 1
0 9 19 12 9 19 12 1
0 13 6 20 13 6 20 1
0 44 17 16 44 17 16 1
0 19 9 14 19 9 14 1
0 8 12 21 8 12 21 1
0 5 10 7 5 10 7 1
0 18 10 17 18 10 17 1
0 11 23 22 11 23 22 1
0 11 5 13 11 5 13 1
0 41 18 43 41 18 43 1
0 23 11 13 23 11 13 1
0 24 11 22 24 11 22 1
0 10 18 9 10 18 9 1
0 10 16 17 10 16 17 1
0 43 17 42 43 17 42 1
0 17 44 42 17 44 42 1
0 45 16 24 45 16 24 1
0 11 24 16 11 24 16 1
0 18 41 15 18 41 15 1
0 15 9 18 15 9 18 1
0 46 48 47 46 48 47 1
0 46 49 48 46 49 48 1
0 50 52 51 50 52 51 1
0 53 26 25 53 26 25 1
0 26 27 25 26 27 25 1
0 28 47 29 28 47 29 1
0 28 46 47 28 46 47 1
0 30 32 31 30 32 31 1
0 30 33 32 30 33 32 1
0 34 36 35 34 36 35 1
0 37 39 38 37 39 38 1
0 40 37 38 40 37 38 1
0 33 29 32 33 29 32 1
0 33 28 29 33 28 29 1
0 27 50 25 27 50 25 1
0 36 40 38 36 40 38 1
0 50 27 52 50 27 52 1
0 40 36 34 40 36 34 1
"Mesh5" 0 5
49
0 0.518389 1.377806 -0.822466 0.906184 0.138454 1
0 1.347452 1.281050 -0.567044 0.936269 0.143123 1
0 0.757745 0.705454 -0.119377 0.914870 0.170899 1
0 1.020275 2.255184 1.211819 0.924397 0.096116 1
0 1.293693 1.432397 1.337771 0.934319 0.135820 1
0 1.722300 1.429280 0.403023 0.949872 0.135971 1
0 1.491348 2.308462 0.205584 0.941491 0.093545 1
0 -0.730186 0.179339 0.218331 0.860875 0.196287 1
0 -1.401856 0.650285 0.171924 0.836501 0.173561 1
0 -0.757746 0.705454 -0.119377 0.859875 0.170899 1
0 -0.504154 2.725573 0.837423 0.869077 0.073418 1
0 -0.000001 2.937699 0.232345 0.887372 0.063181 1
0 -0.785643 2.723716 0.204496 0.858862 0.073507 1
0 -0.000001 2.250843 1.611926 0.887372 0.096326 1
0 -0.000001 1.399081 1.796790 0.887372 0.137428 1
0 -1.020275 2.255183 1.211820 0.850348 0.096116 1
0 -1.293692 1.432397 1.337772 0.840426 0.135820 1
0 0.730185 0.179339 0.218330 0.913870 0.196287 1
0 1.003271 0.631644 1.207005 0.923780 0.174461 1
0 0.727183 0.126167 0.947015 0.913761 0.198853 1
0 -0.000001 0.555459 1.621658 0.887372 0.178137 1
0 -1.003270 0.631645 1.207005 0.850965 0.174461 1
0 -0.000001 2.713751 1.032025 0.887372 0.073989 1
0 0.504154 2.725573 0.837423 0.905667 0.073418 1
0 1.401857 0.650285 0.171924 0.938244 0.173561 1
0 0.730185 0.179339 0.218330 0.913870 0.196287 1
0 0.785643 2.723717 0.204496 0.915882 0.073507 1
0 -1.347452 1.281050 -0.567044 0.838475 0.143123 1
0 -0.518393 1.377806 -0.822466 0.868560 0.138454 1
0 -0.726679 0.125942 0.946850 0.861002 0.198863 1
0 -0.730186 0.179339 0.218331 0.860875 0.196287 1
0 0.610678 2.751649 -0.371188 0.909533 0.072160 1
0 -0.000001 -0.059871 0.547628 0.887372 0.207830 1
0 -0.610678 2.751648 -0.371188 0.865212 0.072160 1
0 -0.000002 2.779044 -0.675862 0.887372 0.070838 1
0 -0.000001 0.051698 1.172542 0.887372 0.202447 1
0 1.343331 1.809664 -0.562063 0.936120 0.117615 1
0 1.141478 2.384169 -0.509003 0.928795 0.089892 1
0 -1.343330 1.809664 -0.562063 0.838625 0.117615 1
0 -1.722302 1.429280 0.403024 0.824872 0.135971 1
0 -1.491350 2.308462 0.205585 0.833253 0.093545 1
0 -0.744569 1.960996 -1.131323 0.860353 0.110313 1
0 0.744629 1.961930 -1.131495 0.914394 0.110268 1
0 0.648680 2.442143 -0.973118 0.910912 0.087095 1
0 -0.000003 1.959663 -1.344862 0.887372 0.110377 1
0 -0.000002 1.416912 -0.954911 0.887372 0.136567 1
0 -1.141477 2.384169 -0.509003 0.845950 0.089892 1
0 -0.648680 2.442142 -0.973118 0.863832 0.087095 1
0 -0.000003 2.485500 -1.177046 0.887372 0.085003 1
49
0.483348 -0.171594 -0.678461
0.593040 -0.421970 -0.685744
0.612479 -0.305950 -0.392600
0.534678 0.588371 0.606580
0.736089 -0.112104 0.667537
0.998007 -0.046729 -0.042396
0.823752 0.565624 -0.038773
-0.721245 -0.633197 -0.002051
-0.750928 -0.638407 -0.168949
-0.612480 -0.305949 -0.392597
-0.281891 0.902590 0.325376
0.000000 0.998909 0.046705
-0.426104 0.904581 0.012988
0.000000 0.539744 0.841829
0.000000 -0.003637 0.999993
-0.614729 0.542420 0.572617
-0.737952 -0.109171 0.665964
0.721313 -0.633143 -0.002099
0.677156 -0.555535 0.482536
0.467624 -0.853675 0.229274
-0.000016 -0.453666 0.891172
-0.677032 -0.555661 0.482564
0.000000 0.889235 0.457451
0.281890 0.902590 0.325376
0.750928 -0.638407 -0.168949
0.721313 -0.633143 -0.002099
0.426104 0.904581 0.012988
-0.592993 -0.422049 -0.685736
-0.483277 -0.171689 -0.678402
-0.467418 -0.853782 0.229297
-0.721245 -0.633197 -0.002051
0.333820 0.911297 -0.241044
0.000032 -0.912652 0.308420
-0.333821 0.911296 -0.241044
-0.000001 0.945592 -0.325354
0.000026 -0.867151 0.498044
0.847291 0.178414 -0.500267
0.647711 0.669965 -0.362792
-0.847240 0.178334 -0.500381
-0.998920 0.023211 0.040242
-0.825058 0.563887 -0.036192
-0.461786 -0.091462 -0.882263
0.461893 -0.091144 -0.882240
0.444715 0.619663 -0.646720
-0.000010 -0.130213 -0.991486
0.000078 -0.132369 -0.893200
-0.647710 0.669913 -0.362888
-0.444786 0.619469 -0.646857
-0.000095 0.652814 -0.757518
84
0 0 2 1 0 2 1 1
0 3 5 4 3 5 4 1
0 3 6 5 3 6 5 1
0 7 9 8 7 9 8 1
0 10 12 11 10 12 11 1
0 13 4 14 13 4 14 1
0 13 3 4 13 3 4 1
0 14 15 13 14 15 13 1
0 14 16 15 14 16 15 1
0 17 19 18 17 19 18 1
0 20 16 14 20 16 14 1
0 20 21 16 20 21 16 1
0 22 3 13 22 3 13 1
0 22 23 3 22 23 3 1
0 22 10 11 22 10 11 1
0 2 25 24 2 25 24 1
0 26 23 11 26 23 11 1
0 9 28 27 9 28 27 1
0 29 30 21 29 30 21 1
0 31 26 11 31 26 11 1
0 19 17 32 19 17 32 1
0 33 34 11 33 34 11 1
0 19 20 18 19 20 18 1
0 19 35 20 19 35 20 1
0 29 35 32 29 35 32 1
0 12 33 11 12 33 11 1
0 6 36 5 6 36 5 1
0 36 6 37 36 6 37 1
0 38 40 39 38 40 39 1
0 41 38 27 41 38 27 1
0 36 42 1 36 42 1 1
0 41 27 28 41 27 28 1
0 42 37 43 42 37 43 1
0 42 36 37 42 36 37 1
0 39 15 16 39 15 16 1
0 44 28 45 44 28 45 1
0 44 41 28 44 41 28 1
0 38 47 46 38 47 46 1
0 38 41 47 38 41 47 1
0 41 48 47 41 48 47 1
0 41 44 48 41 44 48 1
0 44 43 48 44 43 48 1
0 44 42 43 44 42 43 1
0 38 39 27 38 39 27 1
0 42 45 0 42 45 0 1
0 42 44 45 42 44 45 1
0 40 38 46 40 38 46 1
0 12 46 33 12 46 33 1
0 46 12 40 46 12 40 1
0 31 37 26 31 37 26 1
0 26 37 6 26 37 6 1
0 1 2 24 1 2 24 1
0 9 27 8 9 27 8 1
0 1 24 5 1 24 5 1
0 35 19 32 35 19 32 1
0 35 21 20 35 21 20 1
0 35 29 21 35 29 21 1
0 15 39 40 15 39 40 1
0 5 36 1 5 36 1 1
0 37 31 43 37 31 43 1
0 23 6 3 23 6 3 1
0 23 26 6 23 26 6 1
0 23 22 11 23 22 11 1
0 10 13 15 10 13 15 1
0 10 22 13 10 22 13 1
0 12 15 40 12 15 40 1
0 12 10 15 12 10 15 1
0 24 4 5 24 4 5 1
0 33 46 47 33 46 47 1
0 34 47 48 34 47 48 1
0 34 33 47 34 33 47 1
0 31 48 43 31 48 43 1
0 31 34 48 31 34 48 1
0 18 24 17 18 24 17 1
0 1 42 0 1 42 0 1
0 34 31 11 34 31 11 1
0 16 8 39 16 8 39 1
0 18 14 4 18 14 4 1
0 18 20 14 18 20 14 1
0 30 29 32 30 29 32 1
0 8 21 30 8 21 30 1
0 24 18 4 24 18 4 1
0 21 8 16 21 8 16 1
0 8 27 39 8 27 39 1
"Mesh6" 0 6
54
0 0.705104 0.660372 -0.690993 0.501420 0.409934 1
0 0.757745 0.705454 -0.119377 0.769353 0.387903 1
0 0.518389 1.377806 -0.822466 0.536222 0.069458 1
0 0.730185 0.179339 0.218330 0.895433 0.768104 1
0 0.345593 -0.353591 -0.136314 0.733173 0.840275 1
0 -0.705108 0.660372 -0.690992 0.501420 0.409934 1
0 -0.000001 -0.059871 0.547628 0.938702 0.856839 1
0 -0.518393 1.377806 -0.822466 0.536222 0.069458 1
0 -0.757746 0.705454 -0.119377 0.769353 0.387903 1
0 0.730185 0.179339 0.218330 0.754808 0.639141 1
0 0.513195 0.935607 -0.958351 0.332386 0.279197 1
0 -0.351077 -0.050696 -1.012437 0.175781 0.746216 1
0 -0.730186 0.179339 0.218331 0.753951 0.639710 1
0 -0.000001 0.227604 -1.155017 0.026786 0.622070 1
0 -0.000039 0.299942 -1.311897 0.026786 0.570434 1
0 0.267862 0.296143 -1.092096 0.141217 0.582774 1
0 -0.267862 0.296142 -1.092096 0.141217 0.582774 1
0 -0.000001 -0.433366 -0.071145 0.658654 0.990535 1
0 -0.000001 -0.477144 -0.995727 0.026786 0.951660 1
0 -0.000001 -0.006876 -1.196707 0.026786 0.734131 1
0 0.350729 -0.050696 -1.012437 0.175781 0.746216 1
0 0.232741 -0.442312 -0.933929 0.242788 0.932560 1
0 -0.000001 -0.006876 -1.196707 0.027344 0.732758 1
0 -0.000001 -0.477144 -0.995727 0.029297 0.951935 1
0 -0.232973 -0.442312 -0.933929 0.115234 0.953857 1
0 -0.351077 -0.050696 -1.012437 0.177734 0.746216 1
0 -0.232973 -0.442312 -0.933929 0.242788 0.932560 1
0 0.243983 -0.533593 -0.803719 0.242788 0.986986 1
0 -0.000001 -0.568425 -0.803719 0.242788 0.996450 1
0 -0.000001 -0.568425 -0.803719 0.026786 0.989013 1
0 -0.000002 1.416912 -0.954911 0.026786 0.041992 1
0 -0.000038 0.444123 -1.306893 0.026786 0.513305 1
0 -0.000039 0.299942 -1.311897 0.026786 0.570434 1
0 -0.000039 0.299942 -1.311897 0.026786 0.570434 1
0 -0.564967 -0.219555 -0.566733 0.590144 0.828444 1
0 -0.244227 -0.533593 -0.803719 0.242788 0.986986 1
0 -0.345662 -0.353591 -0.136314 0.733173 0.840275 1
0 0.267862 0.296143 -1.092096 0.141217 0.582774 1
0 0.350729 -0.050696 -1.012437 0.173077 0.752723 1
0 -0.000001 -0.006876 -1.196707 0.026786 0.734131 1
0 -0.267862 0.296142 -1.092096 0.141217 0.582774 1
0 -0.000001 0.227604 -1.155017 0.026786 0.622070 1
0 0.466101 0.662177 -0.952200 0.269176 0.409934 1
0 0.674332 0.356498 -0.807695 0.461579 0.562384 1
0 -0.674332 0.356498 -0.807695 0.461579 0.562384 1
0 -0.466101 0.662177 -0.952200 0.269176 0.409934 1
0 -0.731405 0.191443 -0.112784 0.754808 0.639141 1
0 0.731402 0.191443 -0.112784 0.754808 0.639141 1
0 0.564963 -0.219555 -0.566733 0.590144 0.828444 1
0 -0.000036 0.662910 -1.113916 0.026786 0.408936 1
0 -0.000001 0.891786 -1.116778 0.026786 0.293579 1
0 -0.513204 0.935607 -0.958351 0.332386 0.279197 1
0 -0.000038 0.444123 -1.306893 0.026786 0.513305 1
0 -0.730186 0.179339 0.218331 0.895433 0.768104 1
54
0.927660 0.051714 -0.369827
0.612479 -0.305950 -0.392600
0.483348 -0.171594 -0.678461
0.721313 -0.633143 -0.002099
0.493376 -0.810407 0.315944
-0.927662 0.051709 -0.369824
0.000032 -0.912652 0.308420
-0.483277 -0.171689 -0.678402
-0.612480 -0.305949 -0.392597
0.721313 -0.633143 -0.002099
0.518820 0.105114 -0.848397
-0.616918 -0.245208 -0.747854
-0.721245 -0.633197 -0.002051
0.000003 -0.451068 -0.892489
-0.000034 -0.581033 -0.813880
0.522262 -0.020688 -0.852534
-0.522256 -0.020584 -0.852540
0.000040 -0.931231 0.364429
0.000135 -0.656508 -0.754319
0.000112 -0.093133 -0.995654
0.616852 -0.245337 -0.747866
0.571720 -0.542937 -0.615107
0.000112 -0.093133 -0.995654
0.000135 -0.656508 -0.754319
-0.571748 -0.542979 -0.615043
-0.616918 -0.245208 -0.747854
-0.571748 -0.542979 -0.615043
0.507859 -0.845480 -0.165053
0.000077 -0.987498 -0.157635
0.000077 -0.987498 -0.157635
0.000078 -0.132369 -0.893200
-0.000075 0.357648 -0.933856
-0.000034 -0.581033 -0.813880
-0.000034 -0.581033 -0.813880
-0.853303 -0.483068 -0.196261
-0.507953 -0.845432 -0.165011
-0.493421 -0.810367 0.315975
0.522262 -0.020688 -0.852534
0.616852 -0.245337 -0.747866
0.000112 -0.093133 -0.995654
-0.522256 -0.020584 -0.852540
0.000003 -0.451068 -0.892489
0.513506 0.023918 -0.857752
0.830892 -0.095496 -0.548177
-0.830953 -0.095374 -0.548106
-0.513518 0.023924 -0.857745
-0.985541 -0.155936 -0.066278
0.985541 -0.155936 -0.066280
0.853201 -0.483178 -0.196435
-0.000039 0.257904 -0.966171
-0.000007 0.070617 -0.997504
-0.518821 0.105109 -0.848397
-0.000075 0.357648 -0.933856
-0.721245 -0.633197 -0.002051
68
0 34 36 35 34 36 35 1
0 37 39 38 37 39 38 1
0 40 39 41 40 39 41 1
0 37 43 42 37 43 42 1
0 44 40 45 44 40 45 1
0 44 46 34 44 46 34 1
0 47 43 48 47 43 48 1
0 42 50 49 42 50 49 1
0 45 50 51 45 50 51 1
0 45 40 49 45 40 49 1
0 37 49 52 37 49 52 1
0 34 53 36 34 53 36 1
0 43 47 0 43 47 0 1
0 1 2 0 1 2 0 1
0 3 48 4 3 48 4 1
0 44 45 5 44 45 5 1
0 3 4 6 3 4 6 1
0 46 44 5 46 44 5 1
0 7 8 5 7 8 5 1
0 9 1 47 9 1 47 1
0 49 37 42 49 37 42 1
0 2 10 0 2 10 0 1
0 40 44 11 40 44 11 1
0 48 3 47 48 3 47 1
0 53 34 46 53 34 46 1
0 8 12 46 8 12 46 1
0 47 1 0 47 1 0 1
0 8 46 5 8 46 5 1
0 36 53 6 36 53 6 1
0 43 38 48 43 38 48 1
0 13 15 14 13 15 14 1
0 13 14 16 13 14 16 1
0 51 7 5 51 7 5 1
0 50 45 49 50 45 49 1
0 39 37 41 39 37 41 1
0 39 40 11 39 40 11 1
0 6 4 17 6 4 17 1
0 36 6 17 36 6 17 1
0 18 20 19 18 20 19 1
0 18 21 20 18 21 20 1
0 22 24 23 22 24 23 1
0 22 25 24 22 25 24 1
0 34 26 11 34 26 11 1
0 21 48 38 21 48 38 1
0 4 48 27 4 48 27 1
0 17 27 28 17 27 28 1
0 17 4 27 17 4 27 1
0 28 36 17 28 36 17 1
0 28 35 36 28 35 36 1
0 29 21 18 29 21 18 1
0 29 27 21 29 27 21 1
0 18 35 29 18 35 29 1
0 18 26 35 18 26 35 1
0 48 21 27 48 21 27 1
0 26 34 35 26 34 35 1
0 50 10 30 50 10 30 1
0 30 51 50 30 51 50 1
0 50 42 10 50 42 10 1
0 49 40 31 49 40 31 1
0 10 42 0 10 42 0 1
0 10 2 30 10 2 30 1
0 7 51 30 7 51 30 1
0 45 51 5 45 51 5 1
0 31 40 32 31 40 32 1
0 37 52 33 37 52 33 1
0 43 37 38 43 37 38 1
0 42 43 0 42 43 0 1
0 11 44 34 11 44 34 1
"Mesh7" 0 7
28
0 -0.771314 -1.132900 -1.289883 0.899188 0.984375 4
0 -0.337190 -1.132900 -1.939883 0.658869 0.984375 4
0 0.258224 -1.132900 -1.939883 0.329265 0.984375 4
0 0.670914 -1.132900 -1.289884 0.100812 0.984375 4
0 -0.867428 -0.082901 -1.202767 0.952395 0.265625 4
0 -0.363534 -0.332901 -1.952767 0.673453 0.436756 4
0 0.824800 -0.782898 -0.027000 0.015625 0.744790 4
0 0.717027 -1.132900 -0.027000 0.075284 0.984375 4
0 -0.925200 -0.782898 -0.027000 0.984375 0.744790 4
0 -0.817428 -1.132900 -0.027000 0.924716 0.984375 4
0 -0.321314 -1.132900 0.885884 0.650081 0.984375 4
0 0.313133 -0.332901 -1.952767 0.298869 0.436756 4
0 0.717027 -0.082901 -1.202767 0.075284 0.265625 4
0 0.270914 -1.132900 0.885884 0.322240 0.984375 4
0 0.817428 -1.132900 -0.026999 0.924716 0.984375 11
0 0.925200 -0.782898 -0.027000 0.984375 0.744790 11
0 -0.313133 -0.332901 -1.952767 0.298869 0.436756 11
0 -0.717027 -0.082901 -1.202767 0.075284 0.265625 11
0 -0.270914 -1.132900 0.885884 0.322240 0.984375 11
0 -0.670914 -1.132900 -1.289884 0.100812 0.984375 11
0 -0.258224 -1.132900 -1.939883 0.329265 0.984375 11
0 0.337190 -1.132900 -1.939883 0.658869 0.984375 11
0 0.771314 -1.132900 -1.289883 0.899188 0.984375 11
0 0.363535 -0.332901 -1.952767 0.673453 0.436756 11
0 0.867428 -0.082901 -1.202767 0.952395 0.265625 11
0 -0.717027 -1.132900 -0.027000 0.075284 0.984375 11
0 -0.824800 -0.782898 -0.027000 0.015625 0.744790 11
0 0.321314 -1.132900 0.885884 0.650081 0.984375 11
28
-0.796777 -0.539033 -0.273112
-0.404738 -0.512552 -0.757283
0.409243 -0.525929 -0.745600
0.809927 -0.528229 -0.254938
-0.756816 0.152088 -0.635687
-0.543592 0.282520 -0.790373
0.773783 -0.617032 -0.143288
0.575169 -0.808789 0.122639
-0.777000 -0.617802 -0.120797
-0.571313 -0.809557 0.134982
-0.445367 -0.787246 0.426489
0.570262 0.286948 -0.769716
0.653322 0.186899 -0.733648
0.435355 -0.801432 0.410089
0.571313 -0.809556 0.134982
0.777000 -0.617802 -0.120797
-0.570262 0.286948 -0.769716
-0.653322 0.186899 -0.733648
-0.435355 -0.801432 0.410089
-0.809927 -0.528229 -0.254938
-0.409243 -0.525928 -0.745600
0.404738 -0.512552 -0.757283
0.796777 -0.539033 -0.273112
0.543592 0.282520 -0.790373
0.756816 0.152088 -0.635687
-0.575169 -0.808789 0.122639
-0.773783 -0.617032 -0.143288
0.445367 -0.787246 0.426489
40
0 0 2 1 0 2 1 1
0 0 3 2 0 3 2 1
0 0 5 4 0 5 4 1
0 6 3 7 6 3 7 1
0 8 10 9 8 10 9 1
0 5 0 1 5 0 1 1
0 2 5 1 2 5 1 1
0 2 11 5 2 11 5 1
0 4 8 0 4 8 0 1
0 11 3 12 11 3 12 1
0 3 6 12 3 6 12 1
0 0 8 9 0 8 9 1
0 3 11 2 3 11 2 1
0 7 10 13 7 10 13 1
0 7 9 10 7 9 10 1
0 9 3 0 9 3 0 1
0 9 7 3 9 7 3 1
0 13 6 7 13 6 7 1
0 4 11 12 4 11 12 1
0 4 5 11 4 5 11 1
0 19 21 20 19 21 20 1
0 19 22 21 19 22 21 1
0 23 22 24 23 22 24 1
0 19 26 25 19 26 25 1
0 27 15 14 27 15 14 1
0 22 23 21 22 23 21 1
0 16 21 23 16 21 23 1
0 16 20 21 16 20 21 1
0 15 24 22 15 24 22 1
0 19 16 17 19 16 17 1
0 26 19 17 26 19 17 1
0 15 22 14 15 22 14 1
0 16 19 20 16 19 20 1
0 14 18 27 14 18 27 1
0 14 25 18 14 25 18 1
0 25 22 19 25 22 19 1
0 25 14 22 25 14 22 1
0 26 18 25 26 18 25 1
0 23 17 16 23 17 16 1
0 23 24 17 23 24 17 1
"Mesh8" 0 8
33
0 0.787713 3.264369 0.907377 0.761681 0.160167 0
0 1.379838 3.200000 0.700095 0.958388 0.176624 0
0 1.348756 3.500000 0.000096 0.948062 0.130682 0
0 0.750000 2.150000 1.300095 0.749153 0.383567 0
0 -1.348756 3.500000 0.000096 0.051938 0.130682 0
0 -1.379838 3.200000 0.700095 0.041612 0.176624 0
0 -0.811380 3.261796 0.903089 0.230457 0.160824 0
0 0.350000 0.900000 1.200095 0.616271 0.672408 0
0 0.000000 2.050000 1.240094 0.500000 0.409135 0
0 -0.750000 2.150000 1.300095 0.250847 0.383567 0
0 -0.350000 0.900000 1.200095 0.383729 0.672408 0
0 0.000000 0.900000 0.873711 0.500000 0.672408 0
0 0.000000 3.269332 1.153986 0.500000 0.158898 0
0 0.559653 3.881794 0.686420 0.685919 0.033064 0
0 0.000000 3.949999 0.950095 0.500000 0.015625 0
0 -0.579966 3.879319 0.682294 0.307333 0.033697 0
0 -0.826875 0.900000 1.026896 0.225309 0.672408 0
0 -1.446119 2.500000 0.700095 0.019594 0.294078 0
0 -1.505100 2.050000 0.000096 0.022321 0.406738 0
0 0.826875 0.900000 1.026896 0.774691 0.672408 0
0 1.446119 2.500000 0.700095 0.959821 0.294678 0
0 -1.157625 0.900000 0.000096 0.115433 0.672408 0
0 -0.651086 3.768964 0.000096 0.283707 0.061912 0
0 1.157625 0.900000 0.000096 0.884567 0.672408 0
0 1.505100 2.050000 0.000096 0.959821 0.404541 0
0 0.640930 3.780552 0.000096 0.712919 0.058949 0
0 0.828449 0.100000 0.905801 0.775214 0.861572 2
0 1.159829 0.100000 0.000000 0.885300 0.861572 2
0 0.000000 0.100000 0.751044 0.500000 0.861572 2
0 0.350000 0.100000 1.100000 0.616271 0.861572 2
0 -0.828449 0.100000 0.905801 0.224786 0.861572 2
0 -0.350000 0.100000 1.100000 0.383729 0.861572 2
0 -1.159829 0.100000 0.000000 0.114700 0.861572 2
33
0.407596 0.494141 0.767913
0.407084 0.183986 0.842469
0.633053 0.622191 0.134108
0.322851 0.059051 0.944606
-0.631598 0.623716 0.128226
-0.408518 0.183123 0.842149
-0.409746 0.494046 0.766829
-0.167458 -0.157566 0.973206
0.000000 -0.078724 0.996896
-0.323304 0.058258 0.944500
0.167458 -0.157567 0.973206
0.000000 -0.222861 0.974850
0.001078 0.253292 0.967389
-0.127995 0.375579 -0.040827
-0.000825 0.296937 -0.022622
0.128499 0.376776 -0.044018
-0.791766 -0.162927 0.588695
-0.081558 -0.172330 0.685979
-0.309509 -0.308016 -0.118483
0.791766 -0.162927 0.588695
0.081558 -0.172330 0.685979
-0.978706 -0.162743 -0.125100
0.303344 0.881194 -0.362601
0.978706 -0.162743 -0.125100
0.309509 -0.308016 -0.118482
-0.316244 0.868552 -0.381586
0.744954 0.104224 0.658925
0.991547 0.115168 -0.059757
0.000000 0.280238 0.959931
-0.117038 0.149115 0.981869
-0.744954 0.104224 0.658925
0.117037 0.149115 0.981869
-0.991547 0.115168 -0.059757
42
0 0 2 1 0 2 1 1
0 3 0 1 3 0 1 1
0 4 6 5 4 6 5 1
0 7 8 3 7 8 3 1
0 8 10 9 8 10 9 1
0 8 7 11 8 7 11 1
0 3 12 0 3 12 0 1
0 12 9 6 12 9 6 1
0 0 14 13 0 14 13 1
0 0 12 14 0 12 14 1
0 9 12 8 9 12 8 1
0 4 15 6 4 15 6 1
0 16 18 17 16 18 17 1
0 19 3 20 19 3 20 1
0 18 16 21 18 16 21 1
0 15 4 22 15 4 22 1
0 19 27 26 19 27 26 1
0 10 30 16 10 30 16 1
0 10 31 30 10 31 30 1
0 19 24 23 19 24 23 1
0 3 1 20 3 1 20 1
0 29 19 26 29 19 26 1
0 29 7 19 29 7 19 1
0 9 16 17 9 16 17 1
0 5 9 17 5 9 17 1
0 32 16 30 32 16 30 1
0 24 19 20 24 19 20 1
0 16 32 21 16 32 21 1
0 27 19 23 27 19 23 1
0 12 15 14 12 15 14 1
0 12 6 15 12 6 15 1
0 6 9 5 6 9 5 1
0 12 3 8 12 3 8 1
0 10 8 11 10 8 11 1
0 7 3 19 7 3 19 1
0 13 2 0 13 2 0 1
0 2 13 25 2 13 25 1
0 7 28 11 7 28 11 1
0 7 29 28 7 29 28 1
0 31 11 28 31 11 28 1
0 31 10 11 31 10 11 1
0 9 10 16 9 10 16 1

Materials: 9
"Material0"
0.932203 0.926554 0.853107 1.000000
0.932203 0.926554 0.853107 1.000000
0.000000 0.000000 0.000000 1.000000
0.000000 0.000000 0.000000 1.000000
0.000000
1.000000
""
""
"Material1"
0.395480 0.129944 0.033898 1.000000
0.840000 0.293800 0.144900 1.000000
0.000000 0.000000 0.000000 1.000000
0.000000 0.000000 0.000000 1.000000
0.000000
1.000000
""
""
"Material2"
1.000000 0.627119 0.000000 1.000000
1.000000 0.627119 0.000000 1.000000
0.000000 0.000000 0.000000 1.000000
0.000000 0.000000 0.000000 1.000000
0.000000
1.000000
""
""
"Material3"
0.446328 0.000000 0.395480 1.000000
0.446328 0.000000 0.395480 1.000000
0.000000 0.000000 0.000000 1.000000
0.000000 0.000000 0.000000 1.000000
0.000000
1.000000
""
""
"Material4"
1.000000 1.000000 1.000000 1.000000
1.000000 1.000000 1.000000 1.000000
0.000000 0.000000 0.000000 1.000000
0.000000 0.000000 0.000000 1.000000
0.000000
1.000000
"t1_afro.bmp"
""
"Material5"
1.000000 1.000000 1.000000 1.000000
1.000000 1.000000 1.000000 1.000000
0.000000 0.000000 0.000000 1.000000
0.000000 0.000000 0.000000 1.000000
0.000000
1.000000
"t0_afro.bmp"
""
"Material6"
1.000000 1.000000 1.000000 1.000000
1.000000 1.000000 1.000000 1.000000
0.000000 0.000000 0.000000 1.000000
0.000000 0.000000 0.000000 1.000000
0.000000
1.000000
"face.ini"
""
"Material7"
1.000000 1.000000 1.000000 1.000000
1.000000 1.000000 1.000000 1.000000
0.000000 0.000000 0.000000 1.000000
0.000000 0.000000 0.000000 1.000000
0.000000
1.000000
"t7_afro.bmp"
""
"Material8"
1.000000 1.000000 1.000000 1.000000
1.000000 1.000000 1.000000 1.000000
0.000000 0.000000 0.000000 1.000000
0.000000 0.000000 0.000000 1.000000
0.000000
1.000000
"t1_afroB.bmp"
""

Bones: 16
"torso"
""
8 0 0 0 0 0 0
0
0
"head"
""
8 0 0 0 0 0 0
0
0
"pelvis"
""
8 0 0 0 0 0 0
0
0
"r lower arm"
""
8 0 0 0 0 0 0
0
0
"r foot"
""
8 0 0 0 0 0 0
0
0
"r hand"
""
8 0 0 0 0 0 0
0
0
"r leg"
""
8 0 0 0 0 0 0
0
0
"r thigh"
""
8 0 0 0 0 0 0
0
0
"r upper arm"
""
8 0 0 0 0 0 0
0
0
"neck"
""
8 0 0 0 0 0 0
0
0
"l lower arm"
""
8 0 0 0 0 0 0
0
0
"l foot"
""
8 0 0 0 0 0 0
0
0
"l hand"
""
8 0 0 0 0 0 0
0
0
"l leg"
""
8 0 0 0 0 0 0
0
0
"l thigh"
""
8 0 0 0 0 0 0
0
0
"l upper arm"
""
8 0 0 0 0 0 0
0
0
